varKeyword.Declaration
 Text.Whitespace
hasMapName.Otherboolean0.5907any0.2453complex0.0596string0.0447number0.0134
 Text.Whitespace
=Operator
 Text.Whitespace
typeofOperator.Word
 Text.Whitespace
MapName.BuiltinMapConstructor0.5829any0.3057complex0.0255string0.0123symbol0.0042
 Text.Whitespace
===Operator
 Text.Whitespace
'function'Literal.String.Single
 Text.Whitespace
&&Operator
 Text.Whitespace
MapName.Builtinany0.4703MapConstructor0.4060complex0.0208string0.0157symbol0.0099
.Punctuation
prototypeName.Otherany0.5153Object0.0896Function0.0456void0.0342number0.0244
;Punctuation
\nText.Whitespace
varKeyword.Declaration
 Text.Whitespace
mapSizeDescriptorName.Otherboolean0.2252any0.1904Object0.1834complex0.1319string0.0724
 Text.Whitespace
=Operator
 Text.Whitespace
ObjectName.BuiltinObjectConstructor0.9999Object0.0000PropertyDescriptor0.0000Object[]0.0000FunctionConstructor0.0000
.Punctuation
getOwnPropertyDescriptorName.Othercomplex0.9463any0.0166number0.0062PropertyDescriptor0.0054string0.0051
 Text.Whitespace
&&Operator
 Text.Whitespace
hasMapName.Otherboolean0.4061PropertyDescriptor0.2044any0.1850Object0.1253complex0.0209
 Text.Whitespace
?Operator
 Text.Whitespace
ObjectName.BuiltinObjectConstructor0.9998Object0.0001PropertyDescriptor0.0000any0.0000Object[]0.0000
.Punctuation
getOwnPropertyDescriptorName.Othercomplex0.9911any0.0028void0.0013Object0.0006string0.0005
(Punctuation
MapName.BuiltinMapConstructor0.5957any0.1260symbol0.0248complex0.0148string0.0109
.Punctuation
prototypeName.OtherObject0.3118String0.0899any0.0607Date0.0438Function0.0303
,Punctuation
 Text.Whitespace
'size'Literal.String.Single
)Punctuation
 Text.Whitespace
:Operator
 Text.Whitespace
nullKeyword.Constant
;Punctuation
\nText.Whitespace
varKeyword.Declaration
 Text.Whitespace
mapSizeName.Otherboolean0.7599any0.1934string0.0141number0.0076Function0.0043
 Text.Whitespace
=Operator
 Text.Whitespace
hasMapName.Otherboolean0.6247any0.2578string0.0509number0.0153complex0.0093
 Text.Whitespace
&&Operator
 Text.Whitespace
mapSizeDescriptorName.Otherboolean0.7660any0.1706string0.0273PropertyDescriptor0.0063number0.0046
 Text.Whitespace
&&Operator
 Text.Whitespace
typeofOperator.Word
 Text.Whitespace
mapSizeDescriptorName.Otherany0.6933complex0.1556PropertyDescriptor0.0641Object0.0050Function0.0017
.Punctuation
getName.Other
 Text.Whitespace
===Operator
 Text.Whitespace
'function'Literal.String.Single
 Text.Whitespace
?Operator
 Text.Whitespace
mapSizeDescriptor.getName.Other
 Text.Whitespace
:Operator
 Text.Whitespace
nullKeyword.Type
;Punctuation
\nText.Whitespace
varKeyword.Declaration
 Text.Whitespace
mapForEachName.Otherboolean0.7967any0.1378string0.0233number0.0192complex0.0051
 Text.Whitespace
=Operator
 Text.Whitespace
hasMapName.Otherboolean0.5686any0.2488string0.1001number0.0244complex0.0211
 Text.Whitespace
&&Operator
 Text.Whitespace
MapName.Builtinany0.4593MapConstructor0.4276complex0.0146string0.0068symbol0.0049
.Punctuation
prototypeName.Otherany0.5636any[]0.0866Object0.0734String0.0497string[]0.0438
.Punctuation
forEachName.Othervoid0.4885any0.2777complex0.1335boolean0.0325number0.0246
;Punctuation
\nText.Whitespace
varKeyword.Declaration
 Text.Whitespace
hasSetName.Otherboolean0.7285any0.1765complex0.0257PropertyDescriptor0.0104void0.0102
 Text.Whitespace
=Operator
 Text.Whitespace
typeofOperator.Word
 Text.Whitespace
SetName.Builtinany0.4613SetConstructor0.3210Set<any>0.0293boolean0.0176PropertyDescriptor0.0095
 Text.Whitespace
===Operator
 Text.Whitespace
'function'Literal.String.Single
 Text.Whitespace
&&Operator
 Text.Whitespace
SetName.BuiltinSetConstructor0.5526any0.3430Set<any>0.0118PropertyDescriptor0.0047boolean0.0040
.Punctuation
prototypeName.Otherany0.3676Object0.2178Function0.0386number0.0262boolean0.0233
;Punctuation
\nText.Whitespace
varKeyword.Declaration
 Text.Whitespace
setSizeDescriptorName.Otherboolean0.2334Object0.2311any0.1636PropertyDescriptor0.1411complex0.0430
 Text.Whitespace
=Operator
 Text.Whitespace
ObjectName.BuiltinObjectConstructor0.9999Object0.0000PropertyDescriptor0.0000any0.0000Object[]0.0000
.Punctuation
getOwnPropertyDescriptorName.Othercomplex0.9309any0.0208PropertyDescriptor0.0087number0.0078Object0.0062
 Text.Whitespace
&&Operator
 Text.Whitespace
hasSetName.Otherboolean0.4389PropertyDescriptor0.2091any0.1859Object0.1007complex0.0166
 Text.Whitespace
?Operator
 Text.Whitespace
ObjectName.BuiltinObjectConstructor0.9997Object0.0001PropertyDescriptor0.0000any0.0000Object[]0.0000
.Punctuation
getOwnPropertyDescriptorName.Othercomplex0.9897any0.0031void0.0014Object0.0012string0.0006
(Punctuation
SetName.BuiltinSetConstructor0.4314any0.2933Set<any>0.0211PropertyDescriptor0.0176Object0.0110
.Punctuation
prototypeName.OtherObject0.2496any0.0539Date0.0350Function0.0305String0.0294
,Punctuation
 Text.Whitespace
'size'Literal.String.Single
)Punctuation
 Text.Whitespace
:Operator
 Text.Whitespace
nullKeyword.Constant
;Punctuation
\nText.Whitespace
varKeyword.Declaration
 Text.Whitespace
setSizeName.Otherboolean0.6252any0.3361Function0.0086void0.0080complex0.0060
 Text.Whitespace
=Operator
 Text.Whitespace
hasSetName.Otherboolean0.5775any0.3432string0.0226complex0.0115number0.0103
 Text.Whitespace
&&Operator
 Text.Whitespace
setSizeDescriptorName.Otherboolean0.6507any0.2964string0.0213complex0.0061number0.0056
 Text.Whitespace
&&Operator
 Text.Whitespace
typeofOperator.Word
 Text.Whitespace
setSizeDescriptorName.Otherany0.7886complex0.1232PropertyDescriptor0.0278Object0.0043any[]0.0013
.Punctuation
getName.Other
 Text.Whitespace
===Operator
 Text.Whitespace
'function'Literal.String.Single
 Text.Whitespace
?Operator
 Text.Whitespace
setSizeDescriptor.getName.Other
 Text.Whitespace
:Operator
 Text.Whitespace
nullKeyword.Type
;Punctuation
\nText.Whitespace
varKeyword.Declaration
 Text.Whitespace
setForEachName.Otherboolean0.7734any0.1723number0.0093Object0.0091string0.0055
 Text.Whitespace
=Operator
 Text.Whitespace
hasSetName.Otherany0.4917boolean0.3507Object0.0258string0.0225complex0.0214
 Text.Whitespace
&&Operator
 Text.Whitespace
SetName.Builtinany0.6080SetConstructor0.2937Set<any>0.0134boolean0.0071void0.0040
.Punctuation
prototypeName.Otherany0.6796any[]0.0936Object0.0720string[]0.0262String0.0114
.Punctuation
forEachName.Otherany0.6591void0.1540complex0.1008boolean0.0345number0.0224
;Punctuation
\nText.Whitespace
varKeyword.Declaration
 Text.Whitespace
hasWeakMapName.Otherboolean0.7920any0.1200complex0.0638string0.0049Object0.0034
 Text.Whitespace
=Operator
 Text.Whitespace
typeofOperator.Word
 Text.Whitespace
WeakMapName.Builtinany0.5059complex0.2178boolean0.0699string0.0241WeakMapConstructor0.0199
 Text.Whitespace
===Operator
 Text.Whitespace
'function'Literal.String.Single
 Text.Whitespace
&&Operator
 Text.Whitespace
WeakMapName.Builtinany0.4776complex0.0989WeakMapConstructor0.0935boolean0.0646number0.0104
.Punctuation
prototypeName.Otherany0.2902Object0.2029string0.0523Function0.0456boolean0.0448
;Punctuation
\nText.Whitespace
varKeyword.Declaration
 Text.Whitespace
weakMapHasName.Otherany0.6312boolean0.2152string0.1083number0.0099Function0.0091
 Text.Whitespace
=Operator
 Text.Whitespace
hasWeakMapName.Otherboolean0.7394any0.1537string0.0717Object0.0063number0.0051
 Text.Whitespace
?Operator
 Text.Whitespace
WeakMap.prototype.hasName.Other
 Text.Whitespace
:Operator
 Text.Whitespace
nullKeyword.Type
;Punctuation
\nText.Whitespace
varKeyword.Declaration
 Text.Whitespace
hasWeakSetName.Otherany0.5459boolean0.3958string0.0332complex0.0063number0.0050
 Text.Whitespace
=Operator
 Text.Whitespace
typeofOperator.Word
 Text.Whitespace
WeakSetName.Builtinany0.7862complex0.1333string0.0392boolean0.0212number0.0042
 Text.Whitespace
===Operator
 Text.Whitespace
'function'Literal.String.Single
 Text.Whitespace
&&Operator
 Text.Whitespace
WeakSetName.Builtinany0.8546complex0.0477Function0.0337boolean0.0225string0.0094
.Punctuation
prototypeName.Otherany0.5475Object0.1855Function0.0758Date0.0205boolean0.0144
;Punctuation
\nText.Whitespace
varKeyword.Declaration
 Text.Whitespace
weakSetHasName.Otherany0.6095boolean0.2599string0.0874number0.0125Function0.0084
 Text.Whitespace
=Operator
 Text.Whitespace
hasWeakSetName.Otherboolean0.8032any0.1221string0.0444number0.0064Object0.0046
 Text.Whitespace
?Operator
 Text.Whitespace
WeakSet.prototype.hasName.Other
 Text.Whitespace
:Operator
 Text.Whitespace
nullKeyword.Type
;Punctuation
\nText.Whitespace
varKeyword.Declaration
 Text.Whitespace
hasWeakRefName.Otherboolean0.5731any0.3719string0.0349number0.0057complex0.0030
 Text.Whitespace
=Operator
 Text.Whitespace
typeofOperator.Word
 Text.Whitespace
WeakRefName.Otherany0.8880complex0.0784boolean0.0102string0.0060number0.0039
 Text.Whitespace
===Operator
 Text.Whitespace
'function'Literal.String.Single
 Text.Whitespace
&&Operator
 Text.Whitespace
WeakRefName.Otherany0.9388complex0.0312void0.0083boolean0.0065Function0.0026
.Punctuation
prototypeName.OtherObject0.2741any0.2238Function0.1074Date0.0656String0.0216
;Punctuation
\nText.Whitespace
varKeyword.Declaration
 Text.Whitespace
weakRefDerefName.Otherany0.5985boolean0.1989string0.1463number0.0248Function0.0090
 Text.Whitespace
=Operator
 Text.Whitespace
hasWeakRefName.Otherboolean0.7770any0.1205string0.0638number0.0106Object0.0048
 Text.Whitespace
?Operator
 Text.Whitespace
WeakRef.prototype.derefName.Other
 Text.Whitespace
:Operator
 Text.Whitespace
nullKeyword.Type
;Punctuation
\nText.Whitespace
varKeyword.Declaration
 Text.Whitespace
booleanValueOfName.Otherboolean0.8358any0.1142string0.0126Boolean0.0059complex0.0045
 Text.Whitespace
=Operator
 Text.Whitespace
BooleanName.BuiltinBooleanConstructor0.8060any0.1051Boolean0.0110complex0.0060boolean0.0029
.Punctuation
prototypeName.Otherany0.5251Object0.1835Date0.0616String0.0221Function0.0195
.Punctuation
valueOfName.Otherany0.8196number0.0816Object0.0275string0.0244Date0.0147
;Punctuation
\nText.Whitespace
varKeyword.Declaration
 Text.Whitespace
objectToStringName.Otherstring0.5983any0.3191boolean0.0277Object0.0198number0.0195
 Text.Whitespace
=Operator
 Text.Whitespace
ObjectName.BuiltinObjectConstructor0.9997Object0.0002any0.0000complex0.0000FunctionConstructor0.0000
.Punctuation
prototypeName.OtherObject0.9006any0.0156Function0.0138complex0.0076{}0.0049
.Punctuation
toStringName.Otherstring0.7763any0.1711complex0.0284number0.0057Object0.0053
;Punctuation
\nText.Whitespace
varKeyword.Declaration
 Text.Whitespace
functionToStringName.Otherstring0.6607any0.2709Function0.0166number0.0154boolean0.0137
 Text.Whitespace
=Operator
 Text.Whitespace
FunctionName.BuiltinFunctionConstructor0.9958Function0.0021any0.0002DateConstructor0.0002MapConstructor0.0001
.Punctuation
prototypeName.OtherObject0.5183Function0.2638any0.0476String0.0172Date0.0113
.Punctuation
toStringName.Otherstring0.7061any0.2546complex0.0128number0.0054Object0.0045
;Punctuation
\nText.Whitespace
varKeyword.Declaration
 Text.Whitespace
$matchName.Other
 Text.Whitespace
=Operator
 Text.Whitespace
StringName.BuiltinStringConstructor0.9979String0.0015NumberConstructor0.0000Window0.0000Math0.0000
.Punctuation
prototypeName.OtherString0.5645Object0.0978any0.0371Date0.0187StringConstructor0.0179
.Punctuation
matchName.Otherany0.3707string0.2603complex0.1828number0.0824boolean0.0361
;Punctuation
\nText.Whitespace
varKeyword.Declaration
 Text.Whitespace
$sliceName.Other
 Text.Whitespace
=Operator
 Text.Whitespace
StringName.BuiltinStringConstructor0.9983String0.0012NumberConstructor0.0000string0.0000complex0.0000
.Punctuation
prototypeName.OtherString0.5136Object0.0688any[]0.0579StringConstructor0.0335any0.0202
.Punctuation
sliceName.Othercomplex0.2534string0.1965any[]0.1166string[]0.0986any0.0759
;Punctuation
\nText.Whitespace
varKeyword.Declaration
 Text.Whitespace
$replaceName.Other
 Text.Whitespace
=Operator
 Text.Whitespace
StringName.BuiltinStringConstructor0.9981String0.0014NumberConstructor0.0000string0.0000Window0.0000
.Punctuation
prototypeName.OtherString0.5931Object0.0751StringConstructor0.0277any0.0250Date0.0165
.Punctuation
replaceName.Othercomplex0.3218number0.2650string0.1823any0.1541boolean0.0273
;Punctuation
\nText.Whitespace
varKeyword.Declaration
 Text.Whitespace
$toUpperCaseName.Other
 Text.Whitespace
=Operator
 Text.Whitespace
StringName.BuiltinStringConstructor0.9981String0.0015NumberConstructor0.0000string0.0000Window0.0000
.Punctuation
prototypeName.OtherString0.6122Object0.0493StringConstructor0.0419Date0.0134any0.0116
.Punctuation
toUpperCaseName.Otherstring0.8864any0.0869number0.0120complex0.0052String0.0023
;Punctuation
\nText.Whitespace
varKeyword.Declaration
 Text.Whitespace
$toLowerCaseName.Other
 Text.Whitespace
=Operator
 Text.Whitespace
StringName.BuiltinStringConstructor0.9976String0.0017NumberConstructor0.0001Window0.0000string0.0000
.Punctuation
prototypeName.OtherString0.6346Object0.0779Date0.0239string0.0231any0.0208
.Punctuation
toLowerCaseName.Otherstring0.9236any0.0434number0.0163complex0.0047String0.0023
;Punctuation
\nText.Whitespace
varKeyword.Declaration
 Text.Whitespace
$testName.Other
 Text.Whitespace
=Operator
 Text.Whitespace
RegExpName.BuiltinRegExpConstructor0.9950RegExp0.0016any0.0001RegExp[]0.0000RegExpExecArray0.0000
.Punctuation
prototypeName.Otherany0.2252RegExp0.1612Object0.1485any[]0.0650String0.0572
.Punctuation
testName.Otherboolean0.5720any0.1345string0.0890number0.0858complex0.0674
;Punctuation
\nText.Whitespace
varKeyword.Declaration
 Text.Whitespace
$concatName.Other
 Text.Whitespace
=Operator
 Text.Whitespace
ArrayName.BuiltinArrayConstructor0.9995ObjectConstructor0.0000any[]0.0000any0.0000complex0.0000
.Punctuation
prototypeName.Otherany[]0.7535string[]0.0553Object0.0464any0.0216complex0.0070
.Punctuation
concatName.Othercomplex0.8621any[]0.0364any0.0255number0.0239string0.0092
;Punctuation
\nText.Whitespace
varKeyword.Declaration
 Text.Whitespace
$joinName.Other
 Text.Whitespace
=Operator
 Text.Whitespace
ArrayName.BuiltinArrayConstructor0.9997any[]0.0000ObjectConstructor0.0000any0.0000complex0.0000
.Punctuation
prototypeName.Otherany[]0.6634Object0.1006any0.0574string[]0.0529complex0.0070
.Punctuation
joinName.Otherstring0.6758any0.1491complex0.0670number0.0483any[]0.0321
;Punctuation
\nText.Whitespace
varKeyword.Declaration
 Text.Whitespace
$arrSliceName.Other
 Text.Whitespace
=Operator
 Text.Whitespace
ArrayName.BuiltinArrayConstructor0.9998any0.0000ObjectConstructor0.0000any[]0.0000Math0.0000
.Punctuation
prototypeName.Otherany[]0.6046Object0.1329any0.0643string[]0.0296complex0.0089
.Punctuation
sliceName.Otherany[]0.5272complex0.1346string[]0.1195any0.0694string0.0331
;Punctuation
\nText.Whitespace
varKeyword.Declaration
 Text.Whitespace
$floorName.Other
 Text.Whitespace
=Operator
 Text.Whitespace
MathName.BuiltinMath0.9994ArrayConstructor0.0000ClientRect0.0000Object0.0000PropertyDescriptor0.0000
.Punctuation
floorName.Othernumber0.9871any0.0095boolean0.0010string0.0005complex0.0005
;Punctuation
\nText.Whitespace
varKeyword.Declaration
 Text.Whitespace
bigIntValueOfName.Otherany0.5885boolean0.2937number0.0629string0.0259complex0.0076
 Text.Whitespace
=Operator
 Text.Whitespace
typeofOperator.Word
 Text.Whitespace
BigIntName.Builtinany0.8154complex0.0919number0.0231string0.0225boolean0.0198
 Text.Whitespace
===Operator
 Text.Whitespace
'function'Literal.String.Single
 Text.Whitespace
?Operator
 Text.Whitespace
BigInt.prototype.valueOfName.Other
 Text.Whitespace
:Operator
 Text.Whitespace
nullKeyword.Type
;Punctuation
\nText.Whitespace
varKeyword.Declaration
 Text.Whitespace
gOPSName.Otherboolean0.3613any0.3551string0.1008number0.0680Object0.0278
 Text.Whitespace
=Operator
 Text.Whitespace
ObjectName.BuiltinObjectConstructor0.9998Object0.0001any0.0000complex0.0000FunctionConstructor0.0000
.Punctuation
getOwnPropertySymbolsName.Othercomplex0.3843string0.1786any0.1633boolean0.1624number0.0725
;Punctuation
\nText.Whitespace
varKeyword.Declaration
 Text.Whitespace
symToStringName.Otherboolean0.6352any0.3037string0.0171complex0.0171number0.0077
 Text.Whitespace
=Operator
 Text.Whitespace
typeofOperator.Word
 Text.Whitespace
SymbolName.Builtinany0.6783SymbolConstructor0.1911complex0.0717symbol0.0102any[]0.0032
 Text.Whitespace
===Operator
 Text.Whitespace
'function'Literal.String.Single
 Text.Whitespace
&&Operator
 Text.Whitespace
typeofOperator.Word
 Text.Whitespace
SymbolName.BuiltinSymbolConstructor0.6637any0.2381complex0.0401symbol0.0077Function0.0022
.Punctuation
iteratorName.Otherany0.9511complex0.0173string0.0121symbol0.0078boolean0.0044
 Text.Whitespace
===Operator
 Text.Whitespace
'symbol'Literal.String.Single
 Text.Whitespace
?Operator
 Text.Whitespace
Symbol.prototype.toStringName.Other
 Text.Whitespace
:Operator
 Text.Whitespace
nullKeyword.Type
;Punctuation
\nText.Whitespace
varKeyword.Declaration
 Text.Whitespace
hasShammedSymbolsName.Otherboolean0.5791any0.3498string0.0220complex0.0193number0.0124
 Text.Whitespace
=Operator
 Text.Whitespace
typeofOperator.Word
 Text.Whitespace
SymbolName.BuiltinSymbolConstructor0.4514any0.4090complex0.0660symbol0.0171any[]0.0031
 Text.Whitespace
===Operator
 Text.Whitespace
'function'Literal.String.Single
 Text.Whitespace
&&Operator
 Text.Whitespace
typeofOperator.Word
 Text.Whitespace
SymbolName.BuiltinSymbolConstructor0.7045any0.1958complex0.0391symbol0.0133any[]0.0017
.Punctuation
iteratorName.Otherany0.9511symbol0.0126complex0.0121string0.0114boolean0.0063
 Text.Whitespace
===Operator
 Text.Whitespace
'object'Literal.String.Single
;Punctuation
\nText.Whitespace
// ie, `has-tostringtag/shamsComment.Single
\nText.Whitespace
varKeyword.Declaration
 Text.Whitespace
toStringTagName.Otherboolean0.5639any0.3518number0.0293string0.0186complex0.0167
 Text.Whitespace
=Operator
 Text.Whitespace
typeofOperator.Word
 Text.Whitespace
SymbolName.BuiltinSymbolConstructor0.5979any0.2727complex0.0500symbol0.0261any[]0.0023
 Text.Whitespace
===Operator
 Text.Whitespace
'function'Literal.String.Single
 Text.Whitespace
&&Operator
 Text.Whitespace
SymbolName.BuiltinSymbolConstructor0.8770any0.0789complex0.0171symbol0.0070Function0.0011
.Punctuation
toStringTagName.Otherany0.4871boolean0.4228string0.0328number0.0204complex0.0143
 Text.Whitespace
&&Operator
 Text.Whitespace
(Punctuation
typeofOperator.Word
 Text.Whitespace
SymbolName.BuiltinSymbolConstructor0.8331any0.0738complex0.0382symbol0.0054Function0.0017
.Punctuation
toStringTagName.Otherany0.6895boolean0.1359complex0.0625string0.0391number0.0328
 Text.Whitespace
===Operator
 Text.Whitespace
hasShammedSymbolsName.Otherboolean0.7977any0.1122string0.0543number0.0114complex0.0053
 Text.Whitespace
?Operator
 Text.Whitespace
'object'Literal.String.Single
 Text.Whitespace
:Operator
 Text.Whitespace
'symbol'Literal.String.Single
)Punctuation
\n    Text.Whitespace
?Operator
 Text.Whitespace
Symbol.toStringTagName.Other
\n    Text.Whitespace
:Operator
 Text.Whitespace
nullKeyword.Type
;Punctuation
\nText.Whitespace
varKeyword.Declaration
 Text.Whitespace
isEnumerableName.Otherany0.4489boolean0.2128string0.1561Object0.0523complex0.0456
 Text.Whitespace
=Operator
 Text.Whitespace
ObjectName.BuiltinObjectConstructor0.9999Object0.0000any0.0000complex0.0000PropertyDescriptor0.0000
.Punctuation
prototypeName.OtherObject0.6497any[]0.0521any0.0476Function0.0261{}0.0157
.Punctuation
propertyIsEnumerableName.Othercomplex0.4220any0.1803boolean0.1422number0.0775string0.0689
;Punctuation
\n\nText.Whitespace
varKeyword.Declaration
 Text.Whitespace
gPOName.Otherboolean0.9105any0.0633string0.0099complex0.0044number0.0036
 Text.Whitespace
=Operator
 Text.Whitespace
(Punctuation
typeofOperator.Word
 Text.Whitespace
ReflectName.Builtinany0.9574complex0.0171boolean0.0141string0.0053number0.0018
 Text.Whitespace
===Operator
 Text.Whitespace
'function'Literal.String.Single
 Text.Whitespace
?Operator
 Text.Whitespace
Reflect.getPrototypeOfName.Other
 Text.Whitespace
:Operator
 Text.Whitespace
Object.getPrototypeOfKeyword.Type
)Punctuation
 Text.Whitespace
||Operator
 Text.Whitespace
(Punctuation
\n    Text.Whitespace
[Punctuation
]Punctuation
.Punctuation
__proto__Name.Otherany0.9520complex0.0194number0.0131boolean0.0072string0.0044
 Text.Whitespace
===Operator
 Text.Whitespace
ArrayName.BuiltinArrayConstructor0.9995any0.0001complex0.0000ObjectConstructor0.0000any[]0.0000
.Punctuation
prototypeName.OtherObject0.4267any[]0.2116any0.1121complex0.0529number0.0300
 Text.Whitespace
// eslint-disable-line no-protoComment.Single
\n        Text.Whitespace
?Operator
 Text.Whitespace
functionKeyword.Declaration
 Text.Whitespace
(Punctuation
OName.Otherany0.8940complex0.0205Function0.0149Window0.0039number0.0039
)Punctuation
 Text.Whitespace
{Punctuation
\n            Text.Whitespace
returnKeyword
 Text.Whitespace
OName.Otherany0.9162complex0.0450Function0.0067void0.0017number0.0013
.Punctuation
__proto__Name.Otherany0.9798number0.0082complex0.0072boolean0.0020string0.0008
;Punctuation
 Text.Whitespace
// eslint-disable-line no-protoComment.Single
\n        Text.Whitespace
}Punctuation
\n        Text.Whitespace
:Operator
 Text.Whitespace
nullKeyword.Constant
\nText.Whitespace
)Punctuation
;Punctuation
\n\nText.Whitespace
functionKeyword.Declaration
 Text.Whitespace
addNumericSeparatorName.Otherany0.4937boolean0.1960string0.1496number0.0791void0.0248
(Punctuation
numName.Othernumber0.7880any0.1991string0.0085boolean0.0025complex0.0005
,Punctuation
 Text.Whitespace
strName.Otherstring0.5250any0.4559number0.0146complex0.0013boolean0.0010
)Punctuation
 Text.Whitespace
{Punctuation
\n    Text.Whitespace
ifKeyword
 Text.Whitespace
(Punctuation
\n        Text.Whitespace
numName.Othernumber0.7174any0.2743boolean0.0040string0.0021complex0.0015
 Text.Whitespace
===Operator
 Text.Whitespace
InfinityKeyword.Constantnumber0.9858any0.0109boolean0.0012string0.0008complex0.0005
\n        Text.Whitespace
||Operator
 Text.Whitespace
numName.Othernumber0.7912any0.2038boolean0.0022string0.0012complex0.0011
 Text.Whitespace
===Operator
 Text.Whitespace
-Operator
InfinityKeyword.Constantnumber0.9903any0.0074boolean0.0008string0.0007complex0.0003
\n        Text.Whitespace
||Operator
 Text.Whitespace
numName.Othernumber0.7270any0.2618string0.0048boolean0.0043complex0.0014
 Text.Whitespace
!==Operator
 Text.Whitespace
numName.Othernumber0.8096any0.1797string0.0046boolean0.0046complex0.0009
\n        Text.Whitespace
||Operator
 Text.Whitespace
(Punctuation
numName.Othernumber0.8274any0.1612boolean0.0063string0.0028complex0.0016
 Text.Whitespace
&&Operator
 Text.Whitespace
numName.Othernumber0.8261any0.1678boolean0.0036string0.0013complex0.0008
 Text.Whitespace
>Operator
 Text.Whitespace
-Operator
1000Literal.Number.Float
 Text.Whitespace
&&Operator
 Text.Whitespace
numName.Othernumber0.8539any0.1402boolean0.0023string0.0021complex0.0008
 Text.Whitespace
<Operator
 Text.Whitespace
1000Literal.Number.Float
)Punctuation
\n        Text.Whitespace
||Operator
 Text.Whitespace
$testName.Other
.Punctuation
callName.Otherany0.9830string0.0058number0.0045complex0.0036void0.0007
(Punctuation
/e/Literal.String.Regex
,Punctuation
 Text.Whitespace
strName.Otherany0.5662string0.4051number0.0175complex0.0073boolean0.0006
)Punctuation
\n    Text.Whitespace
)Punctuation
 Text.Whitespace
{Punctuation
\n        Text.Whitespace
returnKeyword
 Text.Whitespace
strName.Otherstring0.4975any0.4902number0.0069complex0.0029boolean0.0005
;Punctuation
\n    Text.Whitespace
}Punctuation
\n    Text.Whitespace
varKeyword.Declaration
 Text.Whitespace
sepRegexName.Otherstring0.7116RegExp0.1584any0.1134boolean0.0032number0.0027
 Text.Whitespace
=Operator
 Text.Whitespace
/[0-9](?=(?:[0-9]{3})+(?![0-9]))/gLiteral.String.Regex
;Punctuation
\n    Text.Whitespace
ifKeyword
 Text.Whitespace
(Punctuation
typeofOperator.Word
 Text.Whitespace
numName.Otherany0.5650number0.3848complex0.0241string0.0129boolean0.0095
 Text.Whitespace
===Operator
 Text.Whitespace
'number'Literal.String.Single
)Punctuation
 Text.Whitespace
{Punctuation
\n        Text.Whitespace
varKeyword.Declaration
 Text.Whitespace
intKeyword.Reservednumber0.9470string0.0208any0.0190boolean0.0100complex0.0013
 Text.Whitespace
=Operator
 Text.Whitespace
numName.Othernumber0.9591any0.0383string0.0013boolean0.0007complex0.0003
 Text.Whitespace
<Operator
 Text.Whitespace
0Literal.Number.Float
 Text.Whitespace
?Operator
 Text.Whitespace
-Operator
$floorName.Other
(Punctuation
-Operator
numName.Othernumber0.9567any0.0385string0.0026complex0.0009boolean0.0007
)Punctuation
 Text.Whitespace
:Operator
 Text.Whitespace
$floorName.Other
(Punctuation
numName.Othernumber0.8890any0.0983string0.0070complex0.0025boolean0.0016
)Punctuation
;Punctuation
 Text.Whitespace
// trunc(num)Comment.Single
\n        Text.Whitespace
ifKeyword
 Text.Whitespace
(Punctuation
intKeyword.Reservednumber0.8865any0.0665string0.0265boolean0.0052complex0.0048
 Text.Whitespace
!==Operator
 Text.Whitespace
numName.Othernumber0.9041any0.0860string0.0055boolean0.0023complex0.0013
)Punctuation
 Text.Whitespace
{Punctuation
\n            Text.Whitespace
varKeyword.Declaration
 Text.Whitespace
intStrName.Otherstring0.6984any0.1378boolean0.0906number0.0325String0.0116
 Text.Whitespace
=Operator
 Text.Whitespace
StringName.BuiltinStringConstructor0.9990String0.0007NumberConstructor0.0000string0.0000complex0.0000
(Punctuation
intKeyword.Reservednumber0.9179string0.0368any0.0277complex0.0067boolean0.0015
)Punctuation
;Punctuation
\n            Text.Whitespace
varKeyword.Declaration
 Text.Whitespace
decName.Otherany0.8420number0.0974string0.0488void0.0043boolean0.0021
 Text.Whitespace
=Operator
 Text.Whitespace
$sliceName.Other
.Punctuation
callName.Otherany0.9918complex0.0028string0.0021number0.0020void0.0003
(Punctuation
strName.Otherstring0.6624any0.3289number0.0058complex0.0020void0.0002
,Punctuation
 Text.Whitespace
intStrName.Otherany0.7790string[]0.1173string0.0470any[]0.0354complex0.0059
.Punctuation
lengthName.Othernumber0.6583any0.3384string0.0018complex0.0008void0.0003
 Text.Whitespace
+Operator
 Text.Whitespace
1Literal.Number.Float
)Punctuation
;Punctuation
\n            Text.Whitespace
returnKeyword
 Text.Whitespace
$replaceName.Other
.Punctuation
callName.Otherany0.9941string0.0015number0.0015complex0.0014Function0.0002
(Punctuation
intStrName.Otherany0.6901string0.2264number0.0599boolean0.0072complex0.0041
,Punctuation
 Text.Whitespace
sepRegexName.Otherany0.7186string0.1920number0.0614boolean0.0135complex0.0041
,Punctuation
 Text.Whitespace
'$&_'Literal.String.Single
)Punctuation
 Text.Whitespace
+Operator
 Text.Whitespace
'.'Literal.String.Single
 Text.Whitespace
+Operator
 Text.Whitespace
$replaceName.Other
.Punctuation
callName.Otherany0.9962number0.0010complex0.0009string0.0008void0.0005
(Punctuation
$replaceName.Other
.Punctuation
callName.Otherany0.9942string0.0015number0.0013complex0.0012void0.0006
(Punctuation
decName.Otherany0.8428string0.1095number0.0335void0.0059complex0.0020
,Punctuation
 Text.Whitespace
/([0-9]{3})/gLiteral.String.Regex
,Punctuation
 Text.Whitespace
'$&_'Literal.String.Single
)Punctuation
,Punctuation
 Text.Whitespace
/_$/Literal.String.Regex
,Punctuation
 Text.Whitespace
''Literal.String.Single
)Punctuation
;Punctuation
\n        Text.Whitespace
}Punctuation
\n    Text.Whitespace
}Punctuation
\n    Text.Whitespace
returnKeyword
 Text.Whitespace
$replaceName.Other
.Punctuation
callName.Otherany0.9950complex0.0016string0.0008number0.0006void0.0006
(Punctuation
strName.Otherstring0.5701any0.4208complex0.0045number0.0027void0.0004
,Punctuation
 Text.Whitespace
sepRegexName.Otherany0.7009string0.1766number0.0383complex0.0302void0.0134
,Punctuation
 Text.Whitespace
'$&_'Literal.String.Single
)Punctuation
;Punctuation
\nText.Whitespace
}Punctuation
\n\nText.Whitespace
varKeyword.Declaration
 Text.Whitespace
utilInspectName.Otherany0.9132string0.0631number0.0066Function0.0044void0.0032
 Text.Whitespace
=Operator
 Text.Whitespace
requireName.Other
(Punctuation
'./util.inspect'Literal.String.Single
)Punctuation
;Punctuation
\nText.Whitespace
varKeyword.Declaration
 Text.Whitespace
inspectCustomName.Otherany0.9255string0.0434number0.0121boolean0.0059complex0.0027
 Text.Whitespace
=Operator
 Text.Whitespace
utilInspectName.Otherany0.9796complex0.0108string0.0012number0.0003Object0.0003
.Punctuation
customName.Otherany0.9867boolean0.0023string0.0021number0.0018complex0.0017
;Punctuation
\nText.Whitespace
varKeyword.Declaration
 Text.Whitespace
inspectSymbolName.Otherany0.8149boolean0.0940string0.0377number0.0201complex0.0126
 Text.Whitespace
=Operator
 Text.Whitespace
isSymbolName.Othercomplex0.7854boolean0.1101any0.0565number0.0069void0.0046
(Punctuation
inspectCustomName.Otherany0.6736boolean0.1560string0.0722number0.0524complex0.0198
)Punctuation
 Text.Whitespace
?Operator
 Text.Whitespace
inspectCustomName.Otherany0.5441string0.2378number0.0423boolean0.0242null0.0233
 Text.Whitespace
:Operator
 Text.Whitespace
nullKeyword.Type
;Punctuation
\n\nText.Whitespace
moduleKeyword.Reserved
.exportsName.Other
 Text.Whitespace
=Operator
 Text.Whitespace
functionKeyword.Declaration
 Text.Whitespace
inspect_Name.Otherany0.6551string0.1012complex0.0677boolean0.0657number0.0302
(Punctuation
objName.Otherany0.9775Object0.0044string0.0041object0.0028number0.0024
,Punctuation
 Text.Whitespace
optionsName.Otherany0.9364number0.0190{}0.0038string0.0029Options0.0019
,Punctuation
 Text.Whitespace
depthName.Othernumber0.8433any0.1505string0.0040complex0.0006boolean0.0004
,Punctuation
 Text.Whitespace
seenName.Otherany0.7934any[]0.0758number0.0315complex0.0196string0.0100
)Punctuation
 Text.Whitespace
{Punctuation
\n    Text.Whitespace
varKeyword.Declaration
 Text.Whitespace
optsName.Otherany0.8844{}0.0203complex0.0150Options0.0059Object0.0031
 Text.Whitespace
=Operator
 Text.Whitespace
optionsName.Otherany0.8963{}0.0329complex0.0091number0.0065Object0.0036
 Text.Whitespace
||Operator
 Text.Whitespace
{Punctuation
}Punctuation
;Punctuation
\n\n    Text.Whitespace
ifKeyword
 Text.Whitespace
(Punctuation
hasName.Otherboolean0.6972any0.2067{}0.0415complex0.0244false0.0061
(Punctuation
optsName.Otherany0.8203complex0.0370{}0.0195Options0.0185number0.0073
,Punctuation
 Text.Whitespace
'quoteStyle'Literal.String.Single
)Punctuation
 Text.Whitespace
&&Operator
 Text.Whitespace
(Punctuation
optsName.Otherany0.9221complex0.0152Options0.0061number0.0038{}0.0025
.Punctuation
quoteStyleName.Otherany0.8326string0.1294boolean0.0191number0.0074complex0.0042
 Text.Whitespace
!==Operator
 Text.Whitespace
'single'Literal.String.Single
 Text.Whitespace
&&Operator
 Text.Whitespace
optsName.Otherany0.8867complex0.0257Options0.0091{}0.0047number0.0045
.Punctuation
quoteStyleName.Otherany0.8015string0.1594boolean0.0203number0.0086complex0.0056
 Text.Whitespace
!==Operator
 Text.Whitespace
'double'Literal.String.Single
)Punctuation
)Punctuation
 Text.Whitespace
{Punctuation
\n        Text.Whitespace
throwKeywordany0.6739complex0.1769{}0.0500boolean0.0357Error0.0161
 Text.Whitespace
newOperator.Wordany0.4993complex0.1960boolean0.1222{}0.0533string0.0312
 Text.Whitespace
TypeErrorName.ExceptionTypeErrorConstructor0.9893ErrorConstructor0.0021complex0.0003BooleanConstructor0.0002MapConstructor0.0002
(Punctuation
'option "quoteStyle" must be "single" or "double"'Literal.String.Single
)Punctuation
;Punctuation
\n    Text.Whitespace
}Punctuation
\n    Text.Whitespace
ifKeyword
 Text.Whitespace
(Punctuation
\n        Text.Whitespace
hasName.Otherboolean0.8184any0.1149{}0.0238complex0.0180false0.0047
(Punctuation
optsName.Otherany0.6842complex0.0413Options0.0400{}0.0133number0.0131
,Punctuation
 Text.Whitespace
'maxStringLength'Literal.String.Single
)Punctuation
 Text.Whitespace
&&Operator
 Text.Whitespace
(Punctuation
typeofOperator.Word
 Text.Whitespace
optsName.Otherany0.8440complex0.0710Options0.0095Object0.0040number0.0039
.Punctuation
maxStringLengthName.Otherany0.8212boolean0.0662string0.0459complex0.0447number0.0115
 Text.Whitespace
===Operator
 Text.Whitespace
'number'Literal.String.Single
\n            Text.Whitespace
?Operator
 Text.Whitespace
optsName.Otherany0.8442complex0.0901number0.0140Options0.0059Object0.0040
.Punctuation
maxStringLengthName.Otherany0.6810number0.2846string0.0125boolean0.0120complex0.0069
 Text.Whitespace
<Operator
 Text.Whitespace
0Literal.Number.Float
 Text.Whitespace
&&Operator
 Text.Whitespace
optsName.Otherany0.8610complex0.0486Options0.0142number0.0138boolean0.0048
.Punctuation
maxStringLengthName.Otherany0.6435number0.3053string0.0224boolean0.0179complex0.0062
 Text.Whitespace
!==Operator
 Text.Whitespace
InfinityName.Othernumber0.9749any0.0200boolean0.0022string0.0012complex0.0008
\n            Text.Whitespace
:Operator
 Text.Whitespace
opts.maxStringLengthKeyword.Type
 Text.Whitespace
!==Operator
 Text.Whitespace
nullKeyword.Constant
\n        Text.Whitespace
)Punctuation
\n    Text.Whitespace
)Punctuation
 Text.Whitespace
{Punctuation
\n        Text.Whitespace
throwKeywordany0.6306complex0.2244{}0.0381boolean0.0352Error0.0188
 Text.Whitespace
newOperator.Wordany0.4330complex0.1843boolean0.1536{}0.0560string0.0301
 Text.Whitespace
TypeErrorName.ExceptionTypeErrorConstructor0.9932ErrorConstructor0.0015complex0.0002MapConstructor0.0001BooleanConstructor0.0001
(Punctuation
'option "maxStringLength", if provided, must be a positive integer, Infinity, or `null`'Literal.String.Single
)Punctuation
;Punctuation
\n    Text.Whitespace
}Punctuation
\n    Text.Whitespace
varKeyword.Declaration
 Text.Whitespace
customInspectName.Otherboolean0.7818any0.1011{}0.0547complex0.0274false0.0055
 Text.Whitespace
=Operator
 Text.Whitespace
hasName.Otherboolean0.8443any0.0845{}0.0382complex0.0084false0.0041
(Punctuation
optsName.Otherany0.5515Options0.0653complex0.0281{}0.0207Object0.0187
,Punctuation
 Text.Whitespace
'customInspect'Literal.String.Single
)Punctuation
 Text.Whitespace
?Operator
 Text.Whitespace
opts.customInspectName.Other
 Text.Whitespace
:Operator
 Text.Whitespace
trueKeyword.Type
;Punctuation
\n    Text.Whitespace
ifKeyword
 Text.Whitespace
(Punctuation
typeofOperator.Word
 Text.Whitespace
customInspectName.Otherany0.6634boolean0.1231string0.0859complex0.0341number0.0231
 Text.Whitespace
!==Operator
 Text.Whitespace
'boolean'Literal.String.Single
 Text.Whitespace
&&Operator
 Text.Whitespace
customInspectName.Otherstring0.4597any0.3949boolean0.1016RegExp0.0121number0.0107
 Text.Whitespace
!==Operator
 Text.Whitespace
'symbol'Literal.String.Single
)Punctuation
 Text.Whitespace
{Punctuation
\n        Text.Whitespace
throwKeywordany0.4754complex0.3025{}0.0777boolean0.0535Error0.0189
 Text.Whitespace
newOperator.Wordany0.3356complex0.2309boolean0.1805{}0.0774string0.0348
 Text.Whitespace
TypeErrorName.ExceptionTypeErrorConstructor0.9914ErrorConstructor0.0017complex0.0002MapConstructor0.0001NumberConstructor0.0001
(Punctuation
'option "customInspect", if provided, must be `true`, `false`, or `\'symbol\'`'Literal.String.Single
)Punctuation
;Punctuation
\n    Text.Whitespace
}Punctuation
\n\n    Text.Whitespace
ifKeyword
 Text.Whitespace
(Punctuation
\n        Text.Whitespace
hasName.Otherboolean0.8442any0.0780{}0.0362complex0.0181false0.0046
(Punctuation
optsName.Otherany0.6308complex0.0534Options0.0497{}0.0303number0.0217
,Punctuation
 Text.Whitespace
'indent'Literal.String.Single
)Punctuation
\n        Text.Whitespace
&&Operator
 Text.Whitespace
optsName.Otherany0.7913complex0.0532Options0.0261number0.0100{}0.0084
.Punctuation
indentName.Othernumber0.4320any0.3824string0.1515complex0.0268boolean0.0042
 Text.Whitespace
!==Operator
 Text.Whitespace
nullKeyword.Constant
\n        Text.Whitespace
&&Operator
 Text.Whitespace
optsName.Otherany0.7861complex0.0336Options0.0320number0.0130{}0.0097
.Punctuation
indentName.Otherstring0.4149any0.3847number0.1775complex0.0165boolean0.0034
 Text.Whitespace
!==Operator
 Text.Whitespace
'\t'Literal.String.Single
\n        Text.Whitespace
&&Operator
 Text.Whitespace
!Operator
(Punctuation
parseIntName.Builtinnumber0.9891any0.0051boolean0.0026complex0.0012string0.0011
(Punctuation
optsName.Otherany0.6035complex0.0540Options0.0495number0.0158Object0.0098
.Punctuation
indentName.Othernumber0.4192string0.3655any0.2008complex0.0104boolean0.0010
,Punctuation
 Text.Whitespace
10Literal.Number.Float
)Punctuation
 Text.Whitespace
===Operator
 Text.Whitespace
optsName.Otherany0.7151complex0.0910Options0.0333number0.0234{}0.0141
.Punctuation
indentName.Othernumber0.4102string0.2925any0.2615complex0.0290boolean0.0029
 Text.Whitespace
&&Operator
 Text.Whitespace
optsName.Otherany0.6421complex0.1347Options0.0320number0.0224{}0.0168
.Punctuation
indentName.Othernumber0.7402any0.1681string0.0803complex0.0085boolean0.0013
 Text.Whitespace
>Operator
 Text.Whitespace
0Literal.Number.Float
)Punctuation
\n    Text.Whitespace
)Punctuation
 Text.Whitespace
{Punctuation
\n        Text.Whitespace
throwKeywordany0.3994complex0.2808{}0.1194boolean0.0723string0.0208
 Text.Whitespace
newOperator.Wordany0.3077complex0.2215boolean0.1727{}0.0850string0.0378
 Text.Whitespace
TypeErrorName.ExceptionTypeErrorConstructor0.9925ErrorConstructor0.0018MapConstructor0.0001complex0.0001BooleanConstructor0.0001
(Punctuation
'option "indent" must be "\\t", an integer > 0, or `null`'Literal.String.Single
)Punctuation
;Punctuation
\n    Text.Whitespace
}Punctuation
\n    Text.Whitespace
ifKeyword
 Text.Whitespace
(Punctuation
hasName.Otherboolean0.8359any0.0723{}0.0467complex0.0141false0.0069
(Punctuation
optsName.Otherany0.5269complex0.0622Options0.0612{}0.0336Object0.0117
,Punctuation
 Text.Whitespace
'numericSeparator'Literal.String.Single
)Punctuation
 Text.Whitespace
&&Operator
 Text.Whitespace
typeofOperator.Word
 Text.Whitespace
optsName.Otherany0.8199complex0.0434Options0.0143{}0.0075Object0.0056
.Punctuation
numericSeparatorName.Otherany0.8132string0.1175boolean0.0326complex0.0146number0.0112
 Text.Whitespace
!==Operator
 Text.Whitespace
'boolean'Literal.String.Single
)Punctuation
 Text.Whitespace
{Punctuation
\n        Text.Whitespace
throwKeywordany0.5762complex0.2149{}0.0727boolean0.0454string0.0244
 Text.Whitespace
newOperator.Wordany0.3739complex0.1890boolean0.1503{}0.0782string0.0475
 Text.Whitespace
TypeErrorName.ExceptionTypeErrorConstructor0.9940ErrorConstructor0.0011complex0.0001MapConstructor0.0001BooleanConstructor0.0001
(Punctuation
'option "numericSeparator", if provided, must be `true` or `false`'Literal.String.Single
)Punctuation
;Punctuation
\n    Text.Whitespace
}Punctuation
\n    Text.Whitespace
varKeyword.Declaration
 Text.Whitespace
numericSeparatorName.Otherany0.5168string0.2886number0.0762boolean0.0652complex0.0184
 Text.Whitespace
=Operator
 Text.Whitespace
optsName.Otherany0.7557complex0.1092Options0.0202Object0.0143number0.0116
.Punctuation
numericSeparatorName.Otherany0.4843string0.3379complex0.0657number0.0551boolean0.0351
;Punctuation
\n\n    Text.Whitespace
ifKeyword
 Text.Whitespace
(Punctuation
typeofOperator.Word
 Text.Whitespace
objName.Otherany0.9644complex0.0123Object0.0079string0.0031{}0.0024
 Text.Whitespace
===Operator
 Text.Whitespace
'undefined'Literal.String.Single
)Punctuation
 Text.Whitespace
{Punctuation
\n        Text.Whitespace
returnKeyword
 Text.Whitespace
'undefined'Literal.String.Single
;Punctuation
\n    Text.Whitespace
}Punctuation
\n    Text.Whitespace
ifKeyword
 Text.Whitespace
(Punctuation
objName.Otherany0.9777string0.0051Object0.0035complex0.0030number0.0026
 Text.Whitespace
===Operator
 Text.Whitespace
nullKeyword.Constant
)Punctuation
 Text.Whitespace
{Punctuation
\n        Text.Whitespace
returnKeyword
 Text.Whitespace
'null'Literal.String.Single
;Punctuation
\n    Text.Whitespace
}Punctuation
\n    Text.Whitespace
ifKeyword
 Text.Whitespace
(Punctuation
typeofOperator.Word
 Text.Whitespace
objName.Otherany0.9671complex0.0116string0.0071Object0.0037{}0.0028
 Text.Whitespace
===Operator
 Text.Whitespace
'boolean'Literal.String.Single
)Punctuation
 Text.Whitespace
{Punctuation
\n        Text.Whitespace
returnKeyword
 Text.Whitespace
objName.Otherany0.8802boolean0.0341string0.0237Object0.0167{}0.0100
 Text.Whitespace
?Operator
 Text.Whitespace
'true'Literal.String.Single
 Text.Whitespace
:Operator
 Text.Whitespace
'false'Literal.String.Single
;Punctuation
\n    Text.Whitespace
}Punctuation
\n\n    Text.Whitespace
ifKeyword
 Text.Whitespace
(Punctuation
typeofOperator.Word
 Text.Whitespace
objName.Otherany0.9327complex0.0208Object0.0164{}0.0084string0.0060
 Text.Whitespace
===Operator
 Text.Whitespace
'string'Literal.String.Single
)Punctuation
 Text.Whitespace
{Punctuation
\n        Text.Whitespace
returnKeyword
 Text.Whitespace
inspectStringName.Otherstring0.4452any0.3793boolean0.0585complex0.0457number0.0271
(Punctuation
objName.Otherany0.8461string0.0618Object0.0265{}0.0191complex0.0123
,Punctuation
 Text.Whitespace
optsName.Otherany0.7397complex0.0527{}0.0415Object0.0232Options0.0193
)Punctuation
;Punctuation
\n    Text.Whitespace
}Punctuation
\n    Text.Whitespace
ifKeyword
 Text.Whitespace
(Punctuation
typeofOperator.Word
 Text.Whitespace
objName.Otherany0.9696complex0.0160string0.0035Object0.0033{}0.0018
 Text.Whitespace
===Operator
 Text.Whitespace
'number'Literal.String.Single
)Punctuation
 Text.Whitespace
{Punctuation
\n        Text.Whitespace
ifKeyword
 Text.Whitespace
(Punctuation
objName.Otherany0.8918number0.0857string0.0070complex0.0066boolean0.0025
 Text.Whitespace
===Operator
 Text.Whitespace
0Literal.Number.Float
)Punctuation
 Text.Whitespace
{Punctuation
\n            Text.Whitespace
returnKeyword
 Text.Whitespace
InfinityKeyword.Constantnumber0.9891any0.0083string0.0010boolean0.0007complex0.0005
 Text.Whitespace
/Operator
 Text.Whitespace
objName.Otherany0.5871number0.3818string0.0136complex0.0083boolean0.0023
 Text.Whitespace
>Operator
 Text.Whitespace
0Literal.Number.Float
 Text.Whitespace
?Operator
 Text.Whitespace
'0'Literal.String.Single
 Text.Whitespace
:Operator
 Text.Whitespace
'-0'Literal.String.Single
;Punctuation
\n        Text.Whitespace
}Punctuation
\n        Text.Whitespace
varKeyword.Declaration
 Text.Whitespace
strName.Otherstring0.8931any0.0928complex0.0051number0.0034String0.0017
 Text.Whitespace
=Operator
 Text.Whitespace
StringName.BuiltinStringConstructor0.9994String0.0004string0.0000NumberConstructor0.0000complex0.0000
(Punctuation
objName.Otherany0.8910Object0.0319complex0.0212number0.0169string0.0092
)Punctuation
;Punctuation
\n        Text.Whitespace
returnKeyword
 Text.Whitespace
numericSeparatorName.Otherboolean0.4296any0.2735string0.2294number0.0292complex0.0067
 Text.Whitespace
?Operator
 Text.Whitespace
addNumericSeparatorName.Otherany0.4350string0.3773boolean0.0943number0.0298complex0.0223
(Punctuation
objName.Otherany0.9259string0.0210number0.0155Object0.0141complex0.0059
,Punctuation
 Text.Whitespace
strName.Otherstring0.7165any0.2577number0.0112complex0.0078String0.0018
)Punctuation
 Text.Whitespace
:Operator
 Text.Whitespace
strName.Otherstring0.5170any0.4542number0.0125complex0.0098never0.0014
;Punctuation
\n    Text.Whitespace
}Punctuation
\n    Text.Whitespace
ifKeyword
 Text.Whitespace
(Punctuation
typeofOperator.Word
 Text.Whitespace
objName.Otherany0.9536complex0.0138Object0.0100string0.0050number0.0026
 Text.Whitespace
===Operator
 Text.Whitespace
'bigint'Literal.String.Single
)Punctuation
 Text.Whitespace
{Punctuation
\n        Text.Whitespace
varKeyword.Declaration
 Text.Whitespace
bigIntStrName.Otherstring0.8436any0.0837boolean0.0257number0.0180String0.0100
 Text.Whitespace
=Operator
 Text.Whitespace
StringName.BuiltinStringConstructor0.9993String0.0004string0.0000complex0.0000NumberConstructor0.0000
(Punctuation
objName.Otherany0.8890number0.0266Object0.0261complex0.0176string0.0076
)Punctuation
 Text.Whitespace
+Operator
 Text.Whitespace
'n'Literal.String.Single
;Punctuation
\n        Text.Whitespace
returnKeyword
 Text.Whitespace
numericSeparatorName.Otherboolean0.5288any0.2111string0.1962number0.0335complex0.0059
 Text.Whitespace
?Operator
 Text.Whitespace
addNumericSeparatorName.Otherany0.4150string0.2738boolean0.1735number0.0513complex0.0258
(Punctuation
objName.Otherany0.8805Object0.0312number0.0285string0.0233complex0.0069
,Punctuation
 Text.Whitespace
bigIntStrName.Otherstring0.4482number0.2837any0.2075boolean0.0327complex0.0073
)Punctuation
 Text.Whitespace
:Operator
 Text.Whitespace
bigIntStrName.Otherany0.6529string0.1557number0.1396boolean0.0220complex0.0083
;Punctuation
\n    Text.Whitespace
}Punctuation
\n\n    Text.Whitespace
varKeyword.Declaration
 Text.Whitespace
maxDepthName.Othernumber0.8092any0.1701string0.0112complex0.0073boolean0.0008
 Text.Whitespace
=Operator
 Text.Whitespace
typeofOperator.Word
 Text.Whitespace
optsName.Otherany0.7234complex0.1869number0.0087Options0.0068Object0.0065
.Punctuation
depthName.Otherany0.6492number0.3203complex0.0177string0.0096boolean0.0014
 Text.Whitespace
===Operator
 Text.Whitespace
'undefined'Literal.String.Single
 Text.Whitespace
?Operator
 Text.Whitespace
5Name.Other
 Text.Whitespace
:Operator
 Text.Whitespace
opts.depthKeyword.Type
;Punctuation
\n    Text.Whitespace
ifKeyword
 Text.Whitespace
(Punctuation
typeofOperator.Word
 Text.Whitespace
depthName.Othernumber0.6679any0.3070string0.0125complex0.0075boolean0.0023
 Text.Whitespace
===Operator
 Text.Whitespace
'undefined'Literal.String.Single
)Punctuation
 Text.Whitespace
{Punctuation
 Text.Whitespace
depthName.Othernumber0.9522any0.0444string0.0027boolean0.0002complex0.0002
 Text.Whitespace
=Operator
 Text.Whitespace
0Literal.Number.Float
;Punctuation
 Text.Whitespace
}Punctuation
\n    Text.Whitespace
ifKeyword
 Text.Whitespace
(Punctuation
depthName.Othernumber0.9024any0.0944string0.0018boolean0.0006complex0.0005
 Text.Whitespace
>=Operator
 Text.Whitespace
maxDepthName.Othernumber0.8955any0.1001complex0.0020string0.0018boolean0.0003
 Text.Whitespace
&&Operator
 Text.Whitespace
maxDepthName.Othernumber0.8948any0.0999string0.0029complex0.0017boolean0.0004
 Text.Whitespace
>Operator
 Text.Whitespace
0Literal.Number.Float
 Text.Whitespace
&&Operator
 Text.Whitespace
typeofOperator.Word
 Text.Whitespace
objName.Otherany0.9688string0.0106complex0.0052Object0.0041number0.0038
 Text.Whitespace
===Operator
 Text.Whitespace
'object'Literal.String.Single
)Punctuation
 Text.Whitespace
{Punctuation
\n        Text.Whitespace
returnKeyword
 Text.Whitespace
isArrayName.Otherboolean0.9391complex0.0330any0.0165string0.0032number0.0017
(Punctuation
objName.Otherany0.9478Object0.0114complex0.0095string0.0065boolean0.0058
)Punctuation
 Text.Whitespace
?Operator
 Text.Whitespace
'[Array]'Literal.String.Single
 Text.Whitespace
:Operator
 Text.Whitespace
'[Object]'Literal.String.Single
;Punctuation
\n    Text.Whitespace
}Punctuation
\n\n    Text.Whitespace
varKeyword.Declaration
 Text.Whitespace
indentName.Otherstring0.9800any0.0149number0.0038complex0.0006void0.0002
 Text.Whitespace
=Operator
 Text.Whitespace
getIndentName.Otherstring0.9679any0.0274number0.0019complex0.0014string[]0.0005
(Punctuation
optsName.Otherany0.6468Object0.0302Options0.0264string0.0147complex0.0135
,Punctuation
 Text.Whitespace
depthName.Othernumber0.9533any0.0349string0.0104complex0.0005boolean0.0003
)Punctuation
;Punctuation
\n\n    Text.Whitespace
ifKeyword
 Text.Whitespace
(Punctuation
typeofOperator.Word
 Text.Whitespace
seenName.Otherany0.6322complex0.1665any[]0.0609{}0.0398string0.0143
 Text.Whitespace
===Operator
 Text.Whitespace
'undefined'Literal.String.Single
)Punctuation
 Text.Whitespace
{Punctuation
\n        Text.Whitespace
seenName.Otherany[]0.9430any0.0201string[]0.0117{}0.0040complex0.0035
 Text.Whitespace
=Operator
 Text.Whitespace
[Punctuation
]Punctuation
;Punctuation
\n    Text.Whitespace
}Punctuation
 Text.Whitespace
elseKeyword
 Text.Whitespace
ifKeyword
 Text.Whitespace
(Punctuation
indexOfName.Othernumber0.9643any0.0328string0.0015complex0.0005void0.0003
(Punctuation
seenName.Otherany0.7416any[]0.0881string0.0354{}0.0277complex0.0270
,Punctuation
 Text.Whitespace
objName.Otherany0.8974string0.0420Object0.0186Date0.0098{}0.0078
)Punctuation
 Text.Whitespace
>=Operator
 Text.Whitespace
0Literal.Number.Float
)Punctuation
 Text.Whitespace
{Punctuation
\n        Text.Whitespace
returnKeyword
 Text.Whitespace
'[Circular]'Literal.String.Single
;Punctuation
\n    Text.Whitespace
}Punctuation
\n\n    Text.Whitespace
functionKeyword.Declaration
 Text.Whitespace
inspectName.Otherany0.5660string0.3616complex0.0500void0.0096boolean0.0030
(Punctuation
valueName.Otherany0.5707string0.4037number0.0130Object0.0021boolean0.0019
,Punctuation
 Text.Whitespace
fromKeyword.Reserved
,Punctuation
 Text.Whitespace
noIndentName.Otherany0.3884string0.3364boolean0.1751number0.0807Function0.0023
)Punctuation
 Text.Whitespace
{Punctuation
\n        Text.Whitespace
ifKeyword
 Text.Whitespace
(Punctuation
fromKeyword.Reserved
)Punctuation
 Text.Whitespace
{Punctuation
\n            Text.Whitespace
seenName.Otherany0.8416any[]0.1057complex0.0115{}0.0068void0.0053
 Text.Whitespace
=Operator
 Text.Whitespace
$arrSliceName.Other
.Punctuation
callName.Otherany0.9912complex0.0020number0.0020string0.0017any[]0.0008
(Punctuation
seenName.Otherany0.5720any[]0.3081{}0.0284complex0.0150number0.0112
)Punctuation
;Punctuation
\n            Text.Whitespace
seenName.Otherany[]0.7583any0.1747complex0.0105{}0.0105string[]0.0050
.Punctuation
pushName.Othernumber0.9757any0.0221string0.0006boolean0.0006void0.0004
(Punctuation
fromKeyword.Reserved
)Punctuation
;Punctuation
\n        Text.Whitespace
}Punctuation
\n        Text.Whitespace
ifKeyword
 Text.Whitespace
(Punctuation
noIndentName.Otherany0.5767boolean0.3045string0.0644number0.0257complex0.0071
)Punctuation
 Text.Whitespace
{Punctuation
\n            Text.Whitespace
varKeyword.Declaration
 Text.Whitespace
newOptsName.Othercomplex0.6870any0.2558{}0.0237any[]0.0069number0.0051
 Text.Whitespace
=Operator
 Text.Whitespace
{Punctuation
\n                Text.Whitespace
depthName.Othernumber0.7401any0.2324string0.0228complex0.0024boolean0.0011
:Operator
 Text.Whitespace
opts.depthKeyword.Type
\n            Text.Whitespace
}Punctuation
;Punctuation
\n            Text.Whitespace
ifKeyword
 Text.Whitespace
(Punctuation
hasName.Otherboolean0.7240any0.1731{}0.0534complex0.0251false0.0039
(Punctuation
optsName.Otherany0.6422complex0.0767{}0.0420Options0.0345Object0.0160
,Punctuation
 Text.Whitespace
'quoteStyle'Literal.String.Single
)Punctuation
)Punctuation
 Text.Whitespace
{Punctuation
\n                Text.Whitespace
newOptsName.Otherany0.8803complex0.0719{}0.0080Object0.0018any[]0.0011
.Punctuation
quoteStyleName.Otherany0.8232number0.0579boolean0.0480string0.0427complex0.0169
 Text.Whitespace
=Operator
 Text.Whitespace
optsName.Otherany0.6509complex0.2656{}0.0178number0.0086Object0.0077
.Punctuation
quoteStyleName.Otherany0.4393string0.3647number0.1028complex0.0450boolean0.0284
;Punctuation
\n            Text.Whitespace
}Punctuation
\n            Text.Whitespace
returnKeyword
 Text.Whitespace
inspect_Name.Otherany0.3696string0.2174complex0.1842boolean0.0919any[]0.0470
(Punctuation
valueName.Otherany0.8589string0.1105number0.0149any[]0.0029boolean0.0023
,Punctuation
 Text.Whitespace
newOptsName.Otherany0.6047string0.2656number0.0814boolean0.0229any[]0.0052
,Punctuation
 Text.Whitespace
depthName.Othernumber0.9091any0.0877string0.0022complex0.0004boolean0.0002
 Text.Whitespace
+Operator
 Text.Whitespace
1Literal.Number.Float
,Punctuation
 Text.Whitespace
seenName.Otherany0.6545any[]0.1965number0.0476string0.0291complex0.0289
)Punctuation
;Punctuation
\n        Text.Whitespace
}Punctuation
\n        Text.Whitespace
returnKeyword
 Text.Whitespace
inspect_Name.Otherany0.4189string0.1989complex0.1406boolean0.0870number0.0402
(Punctuation
valueName.Otherany0.8195string0.1444number0.0196complex0.0039{}0.0023
,Punctuation
 Text.Whitespace
optsName.Otherany0.7862complex0.0300{}0.0223Object0.0170number0.0169
,Punctuation
 Text.Whitespace
depthName.Othernumber0.9005any0.0961string0.0024complex0.0005boolean0.0002
 Text.Whitespace
+Operator
 Text.Whitespace
1Literal.Number.Float
,Punctuation
 Text.Whitespace
seenName.Otherany0.6209any[]0.2485number0.0304string0.0289complex0.0268
)Punctuation
;Punctuation
\n    Text.Whitespace
}Punctuation
\n\n    Text.Whitespace
ifKeyword
 Text.Whitespace
(Punctuation
typeofOperator.Word
 Text.Whitespace
objName.Otherany0.9653complex0.0126Object0.0076string0.0035{}0.0028
 Text.Whitespace
===Operator
 Text.Whitespace
'function'Literal.String.Single
 Text.Whitespace
&&Operator
 Text.Whitespace
!Operator
isRegExpName.Otherboolean0.9774any0.0175string0.0012complex0.0011number0.0008
(Punctuation
objName.Otherany0.9811string0.0068complex0.0028Object0.0024{}0.0012
)Punctuation
)Punctuation
 Text.Whitespace
{Punctuation
 Text.Whitespace
// in older engines, regexes are callableComment.Single
\n        Text.Whitespace
varKeyword.Declaration
 Text.Whitespace
nameName.Otherany0.5137string0.4822number0.0011void0.0010complex0.0008
 Text.Whitespace
=Operator
 Text.Whitespace
nameOfName.Otherany0.4981string0.4819void0.0068number0.0052complex0.0036
(Punctuation
objName.Otherany0.9805complex0.0049{}0.0037Object0.0036string0.0023
)Punctuation
;Punctuation
\n        Text.Whitespace
varKeyword.Declaration
 Text.Whitespace
keysName.Otherany0.4992string0.3693string[]0.0787any[]0.0187complex0.0157
 Text.Whitespace
=Operator
 Text.Whitespace
arrObjKeysName.Otherstring0.4618any0.3348complex0.1042number0.0208boolean0.0187
(Punctuation
objName.Otherany0.9619Object0.0116complex0.0061string0.0041number0.0040
,Punctuation
 Text.Whitespace
inspectName.Otherany0.6452string0.2160complex0.1338number0.0010void0.0008
)Punctuation
;Punctuation
\n        Text.Whitespace
returnKeyword
 Text.Whitespace
'[Function'Literal.String.Single
 Text.Whitespace
+Operator
 Text.Whitespace
(Punctuation
nameName.Otherany0.4991string0.4974number0.0014complex0.0010boolean0.0006
 Text.Whitespace
?Operator
 Text.Whitespace
': 'Literal.String.Single
 Text.Whitespace
+Operator
 Text.Whitespace
nameName.Otherstring0.8924any0.1050number0.0013complex0.0008boolean0.0002
 Text.Whitespace
:Operator
 Text.Whitespace
' (anonymous)'Literal.String.Single
)Punctuation
 Text.Whitespace
+Operator
 Text.Whitespace
']'Literal.String.Single
 Text.Whitespace
+Operator
 Text.Whitespace
(Punctuation
keysName.Otherstring0.4202any0.2984string[]0.2508any[]0.0187complex0.0034
.Punctuation
lengthName.Othernumber0.8675any0.1298string0.0017complex0.0006void0.0002
 Text.Whitespace
>Operator
 Text.Whitespace
0Literal.Number.Float
 Text.Whitespace
?Operator
 Text.Whitespace
' { 'Literal.String.Single
 Text.Whitespace
+Operator
 Text.Whitespace
$joinName.Other
.Punctuation
callName.Otherany0.9885string0.0043number0.0032complex0.0024void0.0004
(Punctuation
keysName.Otherany0.5557string0.2729string[]0.0926complex0.0275any[]0.0170
,Punctuation
 Text.Whitespace
', 'Literal.String.Single
)Punctuation
 Text.Whitespace
+Operator
 Text.Whitespace
' }'Literal.String.Single
 Text.Whitespace
:Operator
 Text.Whitespace
''Literal.String.Single
)Punctuation
;Punctuation
\n    Text.Whitespace
}Punctuation
\n    Text.Whitespace
ifKeyword
 Text.Whitespace
(Punctuation
isSymbolName.Othercomplex0.7763boolean0.1340any0.0468{}0.0085any[]0.0047
(Punctuation
objName.Otherany0.9693Object0.0097complex0.0065{}0.0036string0.0034
)Punctuation
)Punctuation
 Text.Whitespace
{Punctuation
\n        Text.Whitespace
varKeyword.Declaration
 Text.Whitespace
symStringName.Otherany0.8099boolean0.1074string0.0522number0.0111complex0.0057
 Text.Whitespace
=Operator
 Text.Whitespace
hasShammedSymbolsName.Otherany0.5621boolean0.2679string0.1025complex0.0186number0.0135
 Text.Whitespace
?Operator
 Text.Whitespace
$replaceName.Other
.Punctuation
callName.Otherany0.9932complex0.0022string0.0018number0.0011void0.0002
(Punctuation
StringName.BuiltinStringConstructor0.9988String0.0007string0.0001complex0.0001any0.0000
(Punctuation
objName.Otherany0.8734Object0.0446complex0.0229{}0.0137Date0.0068
)Punctuation
,Punctuation
 Text.Whitespace
/^(Symbol\(.*\))_[^)]*$/Literal.String.Regex
,Punctuation
 Text.Whitespace
'$1'Literal.String.Single
)Punctuation
 Text.Whitespace
:Operator
 Text.Whitespace
symToStringName.Otherany0.7927string0.0417void0.0344complex0.0330any[]0.0216
.Punctuation
callName.Otherany0.9872complex0.0040number0.0026string0.0018void0.0017
(Punctuation
objName.Otherany0.9598Object0.0090complex0.0085string0.0059number0.0026
)Punctuation
;Punctuation
\n        Text.Whitespace
returnKeyword
 Text.Whitespace
typeofOperator.Word
 Text.Whitespace
objName.Otherany0.9688Object0.0103complex0.0059string0.0053number0.0025
 Text.Whitespace
===Operator
 Text.Whitespace
'object'Literal.String.Single
 Text.Whitespace
&&Operator
 Text.Whitespace
!Operator
hasShammedSymbolsName.Otherboolean0.8651any0.1051string0.0196number0.0050complex0.0021
 Text.Whitespace
?Operator
 Text.Whitespace
markBoxedName.Otherany0.7025boolean0.1804string0.0657number0.0185complex0.0139
(Punctuation
symStringName.Otherany0.5151string0.3571number0.0725boolean0.0448complex0.0035
)Punctuation
 Text.Whitespace
:Operator
 Text.Whitespace
symStringName.Otherany0.6571string0.2047number0.0654boolean0.0577complex0.0055
;Punctuation
\n    Text.Whitespace
}Punctuation
\n    Text.Whitespace
ifKeyword
 Text.Whitespace
(Punctuation
isElementName.Otherboolean0.7602any0.1573string0.0336complex0.0319number0.0052
(Punctuation
objName.Otherany0.9746string0.0060Object0.0045complex0.0041{}0.0021
)Punctuation
)Punctuation
 Text.Whitespace
{Punctuation
\n        Text.Whitespace
varKeyword.Declaration
 Text.Whitespace
sName.Otherstring0.9190any0.0769number0.0019String0.0006string[]0.0002
 Text.Whitespace
=Operator
 Text.Whitespace
'<'Literal.String.Single
 Text.Whitespace
+Operator
 Text.Whitespace
$toLowerCaseName.Other
.Punctuation
callName.Otherany0.9886string0.0034number0.0031complex0.0023void0.0007
(Punctuation
StringName.BuiltinStringConstructor0.9991String0.0005NumberConstructor0.0000string0.0000complex0.0000
(Punctuation
objName.Otherany0.9479Object0.0098complex0.0072T0.0031never0.0026
.Punctuation
nodeNameName.Otherany0.8157string0.1607number0.0118complex0.0095void0.0004
)Punctuation
)Punctuation
;Punctuation
\n        Text.Whitespace
varKeyword.Declaration
 Text.Whitespace
attrsName.Otherany0.7522any[]0.1563complex0.0300string[]0.0084Object0.0045
 Text.Whitespace
=Operator
 Text.Whitespace
objName.Otherany0.9498Object0.0161complex0.0131any[]0.0030{}0.0016
.Punctuation
attributesName.Otherany0.8900complex0.0569any[]0.0205Object0.0087string[]0.0064
 Text.Whitespace
||Operator
 Text.Whitespace
[Punctuation
]Punctuation
;Punctuation
\n        Text.Whitespace
forKeyword
 Text.Whitespace
(Punctuation
varKeyword.Declaration
 Text.Whitespace
iName.Othernumber0.9867any0.0123string0.0005complex0.0002boolean0.0001
 Text.Whitespace
=Operator
 Text.Whitespace
0Literal.Number.Float
;Punctuation
 Text.Whitespace
iName.Othernumber0.9775any0.0211string0.0007boolean0.0002complex0.0001
 Text.Whitespace
<Operator
 Text.Whitespace
attrsName.Otherany0.6058any[]0.1673string[]0.0482complex0.0426NamedNodeMap0.0059
.Punctuation
lengthName.Othernumber0.7619any0.2359string0.0008complex0.0006void0.0003
;Punctuation
 Text.Whitespace
iName.Othernumber0.9756any0.0235string0.0005boolean0.0002complex0.0001
++Operator
)Punctuation
 Text.Whitespace
{Punctuation
\n            Text.Whitespace
sName.Otherstring0.8618any0.1294number0.0073complex0.0003boolean0.0002
 Text.Whitespace
+=Operator
 Text.Whitespace
' 'Literal.String.Single
 Text.Whitespace
+Operator
 Text.Whitespace
attrsName.Otherany0.6279any[]0.1674string[]0.0566complex0.0453number[]0.0047
[Punctuation
iName.Othernumber0.9788any0.0162string0.0043complex0.0002void0.0002
]Punctuation
.Punctuation
nameName.Otherany0.8908string0.1056complex0.0015number0.0012void0.0003
 Text.Whitespace
+Operator
 Text.Whitespace
'='Literal.String.Single
 Text.Whitespace
+Operator
 Text.Whitespace
wrapQuotesName.Otherstring0.6145any0.2544number0.0905complex0.0116boolean0.0111
(Punctuation
quoteName.Otherany0.7792string0.0393complex0.0227void0.0147number0.0092
(Punctuation
attrsName.Otherany0.6077any[]0.1859string[]0.0554complex0.0399any[][]0.0053
[Punctuation
iName.Othernumber0.9489any0.0423string0.0073void0.0005complex0.0004
]Punctuation
.Punctuation
valueName.Otherany0.9448string0.0447complex0.0046number0.0026Date0.0005
)Punctuation
,Punctuation
 Text.Whitespace
'double'Literal.String.Single
,Punctuation
 Text.Whitespace
optsName.Otherany0.6891complex0.0855Object0.0362{}0.0351Options0.0204
)Punctuation
;Punctuation
\n        Text.Whitespace
}Punctuation
\n        Text.Whitespace
sName.Otherstring0.9639any0.0321number0.0021complex0.0004String0.0003
 Text.Whitespace
+=Operator
 Text.Whitespace
'>'Literal.String.Single
;Punctuation
\n        Text.Whitespace
ifKeyword
 Text.Whitespace
(Punctuation
objName.Otherany0.9661Object0.0134complex0.0067string0.0021any[]0.0019
.Punctuation
childNodesName.Otherany0.9840number0.0072string0.0031complex0.0016NodeList0.0007
 Text.Whitespace
&&Operator
 Text.Whitespace
objName.Otherany0.9745Object0.0086complex0.0033string0.0028any[]0.0019
.Punctuation
childNodesName.Otherany0.9852string0.0042number0.0037any[]0.0017NodeList0.0015
.Punctuation
lengthName.Otherany0.6123number0.3854string0.0012complex0.0004void0.0003
)Punctuation
 Text.Whitespace
{Punctuation
 Text.Whitespace
sName.Otherstring0.9418any0.0526number0.0042complex0.0003boolean0.0002
 Text.Whitespace
+=Operator
 Text.Whitespace
'...'Literal.String.Single
;Punctuation
 Text.Whitespace
}Punctuation
\n        Text.Whitespace
sName.Otherstring0.9706any0.0251number0.0027void0.0003complex0.0003
 Text.Whitespace
+=Operator
 Text.Whitespace
'</'Literal.String.Single
 Text.Whitespace
+Operator
 Text.Whitespace
$toLowerCaseName.Other
.Punctuation
callName.Otherany0.9911string0.0033number0.0026complex0.0015void0.0003
(Punctuation
StringName.BuiltinStringConstructor0.9993String0.0004string0.0000NumberConstructor0.0000complex0.0000
(Punctuation
objName.Otherany0.9484Object0.0113complex0.0072Date0.0060string0.0041
.Punctuation
nodeNameName.Otherany0.7704string0.2072number0.0126complex0.0084Object0.0002
)Punctuation
)Punctuation
 Text.Whitespace
+Operator
 Text.Whitespace
'>'Literal.String.Single
;Punctuation
\n        Text.Whitespace
returnKeyword
 Text.Whitespace
sName.Otherstring0.8247any0.1619number0.0096String0.0010boolean0.0006
;Punctuation
\n    Text.Whitespace
}Punctuation
\n    Text.Whitespace
ifKeyword
 Text.Whitespace
(Punctuation
isArrayName.Otherboolean0.6604complex0.2328any0.0805any[]0.0049string0.0047
(Punctuation
objName.Otherany0.9824complex0.0069string0.0023Object0.0020any[]0.0013
)Punctuation
)Punctuation
 Text.Whitespace
{Punctuation
\n        Text.Whitespace
ifKeyword
 Text.Whitespace
(Punctuation
objName.Otherany0.9762any[]0.0055string0.0052complex0.0052Object0.0025
.Punctuation
lengthName.Otherany0.7180number0.2783string0.0018complex0.0012void0.0002
 Text.Whitespace
===Operator
 Text.Whitespace
0Literal.Number.Float
)Punctuation
 Text.Whitespace
{Punctuation
 Text.Whitespace
returnKeyword
 Text.Whitespace
'[]'Literal.String.Single
;Punctuation
 Text.Whitespace
}Punctuation
\n        Text.Whitespace
varKeyword.Declaration
 Text.Whitespace
xsName.Otherany0.5102string0.2117any[]0.0865string[]0.0512complex0.0453
 Text.Whitespace
=Operator
 Text.Whitespace
arrObjKeysName.Otherany0.3945string0.2912complex0.1296any[]0.0589string[]0.0250
(Punctuation
objName.Otherany0.8879Object0.0287number0.0177string0.0165{}0.0112
,Punctuation
 Text.Whitespace
inspectName.Otherany0.4656string0.4611complex0.0667number0.0021boolean0.0012
)Punctuation
;Punctuation
\n        Text.Whitespace
ifKeyword
 Text.Whitespace
(Punctuation
indentName.Otherany0.3682string0.3367number0.2814complex0.0068boolean0.0045
 Text.Whitespace
&&Operator
 Text.Whitespace
!Operator
singleLineValuesName.Otherboolean0.7464string0.1225any0.0870complex0.0216number0.0169
(Punctuation
xsName.Otherany0.7633string0.0596complex0.0337any[]0.0276number[]0.0269
)Punctuation
)Punctuation
 Text.Whitespace
{Punctuation
\n            Text.Whitespace
returnKeyword
 Text.Whitespace
'['Literal.String.Single
 Text.Whitespace
+Operator
 Text.Whitespace
indentedJoinName.Otherstring0.7060any0.1950number0.0539complex0.0211boolean0.0086
(Punctuation
xsName.Otherany0.6224string0.1899any[]0.0509number0.0391number[]0.0311
,Punctuation
 Text.Whitespace
indentName.Othernumber0.7266string0.1781any0.0890complex0.0027Date0.0010
)Punctuation
 Text.Whitespace
+Operator
 Text.Whitespace
']'Literal.String.Single
;Punctuation
\n        Text.Whitespace
}Punctuation
\n        Text.Whitespace
returnKeyword
 Text.Whitespace
'[ 'Literal.String.Single
 Text.Whitespace
+Operator
 Text.Whitespace
$joinName.Other
.Punctuation
callName.Otherany0.9901string0.0033number0.0027complex0.0024any[]0.0003
(Punctuation
xsName.Otherany0.5445string0.2580any[]0.0576number0.0257number[]0.0227
,Punctuation
 Text.Whitespace
', 'Literal.String.Single
)Punctuation
 Text.Whitespace
+Operator
 Text.Whitespace
' ]'Literal.String.Single
;Punctuation
\n    Text.Whitespace
}Punctuation
\n    Text.Whitespace
ifKeyword
 Text.Whitespace
(Punctuation
isErrorName.Otherany0.3745boolean0.3205complex0.2854{}0.0041any[]0.0040
(Punctuation
objName.Otherany0.9635complex0.0076string0.0073Object0.0057{}0.0051
)Punctuation
)Punctuation
 Text.Whitespace
{Punctuation
\n        Text.Whitespace
varKeyword.Declaration
 Text.Whitespace
partsName.Otherany0.6648string[]0.1305any[]0.0505complex0.0452string0.0290
 Text.Whitespace
=Operator
 Text.Whitespace
arrObjKeysName.Otherany0.3799string0.2392complex0.1473string[]0.0860any[]0.0381
(Punctuation
objName.Otherany0.9489Object0.0150string0.0122complex0.0053{}0.0047
,Punctuation
 Text.Whitespace
inspectName.Otherany0.5998string0.3499complex0.0447number0.0009boolean0.0007
)Punctuation
;Punctuation
\n        Text.Whitespace
ifKeyword
 Text.Whitespace
(Punctuation
!Operator
(Punctuation
'cause'Literal.String.Single
 Text.Whitespace
inOperator.Word
 Text.Whitespace
ErrorName.ExceptionErrorConstructor0.7293any0.1405complex0.1060Error0.0037{}0.0019
.Punctuation
prototypeName.Otherany0.5671Object0.1319any[]0.0325{}0.0239String0.0232
)Punctuation
 Text.Whitespace
&&Operator
 Text.Whitespace
'cause'Literal.String.Single
 Text.Whitespace
inOperator.Word
 Text.Whitespace
objName.Otherany0.9696complex0.0129Object0.0058{}0.0032string0.0017
 Text.Whitespace
&&Operator
 Text.Whitespace
!Operator
isEnumerableName.Otherany0.9082string0.0496boolean0.0211complex0.0093any[]0.0026
.Punctuation
callName.Otherany0.9893string0.0058complex0.0021number0.0010boolean0.0006
(Punctuation
objName.Otherany0.9696string0.0104Object0.0054complex0.0044Date0.0019
,Punctuation
 Text.Whitespace
'cause'Literal.String.Single
)Punctuation
)Punctuation
 Text.Whitespace
{Punctuation
\n            Text.Whitespace
returnKeyword
 Text.Whitespace
'{ ['Literal.String.Single
 Text.Whitespace
+Operator
 Text.Whitespace
StringName.BuiltinStringConstructor0.9993String0.0004string0.0000NumberConstructor0.0000complex0.0000
(Punctuation
objName.Otherany0.9521complex0.0130number0.0081string0.0070Object0.0070
)Punctuation
 Text.Whitespace
+Operator
 Text.Whitespace
'] 'Literal.String.Single
 Text.Whitespace
+Operator
 Text.Whitespace
$joinName.Other
.Punctuation
callName.Otherany0.9926number0.0024string0.0022complex0.0015void0.0003
(Punctuation
$concatName.Other
.Punctuation
callName.Otherany0.9936string0.0018complex0.0018number0.0011T0.0003
(Punctuation
'[cause]: 'Literal.String.Single
 Text.Whitespace
+Operator
 Text.Whitespace
inspectName.Otherany0.6529string0.2879complex0.0552number0.0012boolean0.0007
(Punctuation
objName.Otherany0.9826complex0.0042Object0.0025string0.0013{}0.0009
.Punctuation
causeName.Otherany0.9931string0.0055complex0.0005number0.0004any[]0.0001
)Punctuation
,Punctuation
 Text.Whitespace
partsName.Otherany0.5207string[]0.3109string0.0787any[]0.0442number[]0.0146
)Punctuation
,Punctuation
 Text.Whitespace
', 'Literal.String.Single
)Punctuation
 Text.Whitespace
+Operator
 Text.Whitespace
' }'Literal.String.Single
;Punctuation
\n        Text.Whitespace
}Punctuation
\n        Text.Whitespace
ifKeyword
 Text.Whitespace
(Punctuation
partsName.Otherstring[]0.7246any0.1973any[]0.0338string0.0218complex0.0069
.Punctuation
lengthName.Othernumber0.7092any0.2867string0.0023complex0.0013boolean0.0002
 Text.Whitespace
===Operator
 Text.Whitespace
0Literal.Number.Float
)Punctuation
 Text.Whitespace
{Punctuation
 Text.Whitespace
returnKeyword
 Text.Whitespace
'['Literal.String.Single
 Text.Whitespace
+Operator
 Text.Whitespace
StringName.BuiltinStringConstructor0.9992String0.0005string0.0000NumberConstructor0.0000complex0.0000
(Punctuation
objName.Otherany0.9447Object0.0114complex0.0110number0.0086string0.0061
)Punctuation
 Text.Whitespace
+Operator
 Text.Whitespace
']'Literal.String.Single
;Punctuation
 Text.Whitespace
}Punctuation
\n        Text.Whitespace
returnKeyword
 Text.Whitespace
'{ ['Literal.String.Single
 Text.Whitespace
+Operator
 Text.Whitespace
StringName.BuiltinStringConstructor0.9992String0.0006string0.0000NumberConstructor0.0000complex0.0000
(Punctuation
objName.Otherany0.9515complex0.0112number0.0078Object0.0077string0.0069
)Punctuation
 Text.Whitespace
+Operator
 Text.Whitespace
'] 'Literal.String.Single
 Text.Whitespace
+Operator
 Text.Whitespace
$joinName.Other
.Punctuation
callName.Otherany0.9892number0.0032string0.0029complex0.0028void0.0004
(Punctuation
partsName.Otherany0.7675string[]0.1203string0.0445any[]0.0215complex0.0093
,Punctuation
 Text.Whitespace
', 'Literal.String.Single
)Punctuation
 Text.Whitespace
+Operator
 Text.Whitespace
' }'Literal.String.Single
;Punctuation
\n    Text.Whitespace
}Punctuation
\n    Text.Whitespace
ifKeyword
 Text.Whitespace
(Punctuation
typeofOperator.Word
 Text.Whitespace
objName.Otherany0.9836string0.0043complex0.0035Object0.0029{}0.0012
 Text.Whitespace
===Operator
 Text.Whitespace
'object'Literal.String.Single
 Text.Whitespace
&&Operator
 Text.Whitespace
customInspectName.Otherany0.5455boolean0.2276string0.1843number0.0284complex0.0031
)Punctuation
 Text.Whitespace
{Punctuation
\n        Text.Whitespace
ifKeyword
 Text.Whitespace
(Punctuation
inspectSymbolName.Otherany0.5712boolean0.3790string0.0374number0.0049complex0.0025
 Text.Whitespace
&&Operator
 Text.Whitespace
typeofOperator.Word
 Text.Whitespace
objName.Otherany0.9594Object0.0103complex0.0082{}0.0065any[]0.0037
[Punctuation
inspectSymbolName.Otherstring0.6027any0.2531number0.1246boolean0.0093complex0.0042
]Punctuation
 Text.Whitespace
===Operator
 Text.Whitespace
'function'Literal.String.Single
 Text.Whitespace
&&Operator
 Text.Whitespace
utilInspectName.Otherany0.4076string0.2602boolean0.2179number0.1026complex0.0028
)Punctuation
 Text.Whitespace
{Punctuation
\n            Text.Whitespace
returnKeyword
 Text.Whitespace
utilInspectName.Otherany0.5451string0.1887boolean0.1715number0.0462complex0.0217
(Punctuation
objName.Otherany0.9453string0.0181Object0.0105{}0.0069number0.0037
,Punctuation
 Text.Whitespace
{Punctuation
 Text.Whitespace
depthName.Othernumber0.9398any0.0568string0.0026complex0.0003boolean0.0002
:Operator
 Text.Whitespace
maxDepthKeyword.Typenumber0.7212any0.2750string0.0022complex0.0011boolean0.0001
 Text.Whitespace
-Operator
 Text.Whitespace
depthName.Othernumber0.9612any0.0359string0.0019complex0.0005boolean0.0001
 Text.Whitespace
}Punctuation
)Punctuation
;Punctuation
\n        Text.Whitespace
}Punctuation
 Text.Whitespace
elseKeyword
 Text.Whitespace
ifKeyword
 Text.Whitespace
(Punctuation
customInspectName.Otherany0.7385string0.2176boolean0.0257number0.0109complex0.0024
 Text.Whitespace
!==Operator
 Text.Whitespace
'symbol'Literal.String.Single
 Text.Whitespace
&&Operator
 Text.Whitespace
typeofOperator.Word
 Text.Whitespace
objName.Otherany0.9934complex0.0030Object0.0009any[]0.0004never0.0002
.Punctuation
inspectName.Otherany0.9647string0.0212complex0.0134number0.0001boolean0.0001
 Text.Whitespace
===Operator
 Text.Whitespace
'function'Literal.String.Single
)Punctuation
 Text.Whitespace
{Punctuation
\n            Text.Whitespace
returnKeyword
 Text.Whitespace
objName.Otherany0.9896complex0.0020Object0.0020string0.0010T0.0004
.Punctuation
inspectName.Otherany0.9731complex0.0191string0.0069number0.0001void0.0001
(Punctuation
)Punctuation
;Punctuation
\n        Text.Whitespace
}Punctuation
\n    Text.Whitespace
}Punctuation
\n    Text.Whitespace
ifKeyword
 Text.Whitespace
(Punctuation
isMapName.Otherboolean0.7731complex0.1406any0.0732string0.0033number0.0026
(Punctuation
objName.Otherany0.9923complex0.0020string0.0015Object0.0011{}0.0009
)Punctuation
)Punctuation
 Text.Whitespace
{Punctuation
\n        Text.Whitespace
varKeyword.Declaration
 Text.Whitespace
mapPartsName.Otherany[]0.8963any0.0770complex0.0069string[]0.0045{}0.0032
 Text.Whitespace
=Operator
 Text.Whitespace
[Punctuation
]Punctuation
;Punctuation
\n        Text.Whitespace
mapForEachName.Otherany0.8567void0.0536complex0.0223boolean0.0183any[]0.0177
.Punctuation
callName.Otherany0.9957complex0.0010void0.0009number0.0006any[]0.0004
(Punctuation
objName.Otherany0.9724Object0.0059complex0.0043{}0.0038string0.0038
,Punctuation
 Text.Whitespace
functionKeyword.Declaration
 Text.Whitespace
(Punctuation
valueName.Otherany0.9391string0.0505number0.0027any[]0.0019complex0.0011
,Punctuation
 Text.Whitespace
keyName.Otherany0.5363string0.4552complex0.0030number0.0025any[]0.0015
)Punctuation
 Text.Whitespace
{Punctuation
\n            Text.Whitespace
mapPartsName.Otherany[]0.6254any0.2692string[]0.0700number[]0.0082complex0.0028
.Punctuation
pushName.Othernumber0.9549any0.0423boolean0.0008string0.0007complex0.0005
(Punctuation
inspectName.Otherany0.8405complex0.0794string0.0765boolean0.0008number0.0008
(Punctuation
keyName.Otherstring0.6019any0.3896complex0.0040number0.0030any[]0.0003
,Punctuation
 Text.Whitespace
objName.Otherany0.9690Object0.0079{}0.0061string0.0052complex0.0030
,Punctuation
 Text.Whitespace
trueKeyword.Constant
)Punctuation
 Text.Whitespace
+Operator
 Text.Whitespace
' => 'Literal.String.Single
 Text.Whitespace
+Operator
 Text.Whitespace
inspectName.Otherany0.6723string0.1987complex0.1167void0.0036boolean0.0018
(Punctuation
valueName.Otherany0.9176string0.0685any[]0.0033number0.0020{}0.0019
,Punctuation
 Text.Whitespace
objName.Otherany0.9419{}0.0177Object0.0118string0.0083any[]0.0053
)Punctuation
)Punctuation
;Punctuation
\n        Text.Whitespace
}Punctuation
)Punctuation
;Punctuation
\n        Text.Whitespace
returnKeyword
 Text.Whitespace
collectionOfName.Otherany0.7455complex0.0653boolean0.0404string0.0281any[]0.0247
(Punctuation
'Map'Literal.String.Single
,Punctuation
 Text.Whitespace
mapSizeName.Otherany0.9033any[]0.0281boolean0.0170string0.0153Function0.0083
.Punctuation
callName.Otherany0.9927complex0.0016string0.0012number0.0009any[]0.0008
(Punctuation
objName.Otherany0.9533string0.0101Object0.0076{}0.0074any[]0.0054
)Punctuation
,Punctuation
 Text.Whitespace
mapPartsName.Otherany0.6868string0.2111any[]0.0301boolean0.0260number0.0169
,Punctuation
 Text.Whitespace
indentName.Otherstring0.4892any0.3232number0.1647complex0.0075any[]0.0032
)Punctuation
;Punctuation
\n    Text.Whitespace
}Punctuation
\n    Text.Whitespace
ifKeyword
 Text.Whitespace
(Punctuation
isSetName.Otherboolean0.8473any0.1074complex0.0170{}0.0090false0.0038
(Punctuation
objName.Otherany0.9752{}0.0077Object0.0037any[]0.0033complex0.0020
)Punctuation
)Punctuation
 Text.Whitespace
{Punctuation
\n        Text.Whitespace
varKeyword.Declaration
 Text.Whitespace
setPartsName.Otherany[]0.9548any0.0242string[]0.0036{}0.0028complex0.0020
 Text.Whitespace
=Operator
 Text.Whitespace
[Punctuation
]Punctuation
;Punctuation
\n        Text.Whitespace
setForEachName.Otherany0.8253void0.0716Function0.0225complex0.0204boolean0.0192
.Punctuation
callName.Otherany0.9948complex0.0011void0.0009number0.0008string0.0005
(Punctuation
objName.Otherany0.9650Object0.0090{}0.0051string0.0048complex0.0040
,Punctuation
 Text.Whitespace
functionKeyword.Declaration
 Text.Whitespace
(Punctuation
valueName.Otherany0.8964string0.0928any[]0.0027number0.0023boolean0.0010
)Punctuation
 Text.Whitespace
{Punctuation
\n            Text.Whitespace
setPartsName.Otherany[]0.5952any0.2830string[]0.0847number[]0.0086string0.0039
.Punctuation
pushName.Othernumber0.8900any0.1058string0.0009complex0.0008void0.0008
(Punctuation
inspectName.Otherany0.8995string0.0655complex0.0318void0.0005number0.0004
(Punctuation
valueName.Otherany0.8315string0.1527number0.0035{}0.0023any[]0.0019
,Punctuation
 Text.Whitespace
objName.Otherany0.9547{}0.0103Object0.0098string0.0097object0.0034
)Punctuation
)Punctuation
;Punctuation
\n        Text.Whitespace
}Punctuation
)Punctuation
;Punctuation
\n        Text.Whitespace
returnKeyword
 Text.Whitespace
collectionOfName.Otherany0.7996boolean0.0454string0.0379complex0.0315any[]0.0159
(Punctuation
'Set'Literal.String.Single
,Punctuation
 Text.Whitespace
setSizeName.Otherany0.9049void0.0341Function0.0201any[]0.0106complex0.0077
.Punctuation
callName.Otherany0.9946complex0.0008number0.0008string0.0007void0.0007
(Punctuation
objName.Otherany0.9425Object0.0101{}0.0094string0.0071any[]0.0061
)Punctuation
,Punctuation
 Text.Whitespace
setPartsName.Otherany0.7681string0.1366number0.0344any[]0.0225boolean0.0142
,Punctuation
 Text.Whitespace
indentName.Otherany0.3739string0.3189number0.2903complex0.0038any[]0.0026
)Punctuation
;Punctuation
\n    Text.Whitespace
}Punctuation
\n    Text.Whitespace
ifKeyword
 Text.Whitespace
(Punctuation
isWeakMapName.Otherboolean0.4973any0.4054string0.0484complex0.0282any[]0.0054
(Punctuation
objName.Otherany0.9682string0.0048{}0.0043Object0.0041any[]0.0036
)Punctuation
)Punctuation
 Text.Whitespace
{Punctuation
\n        Text.Whitespace
returnKeyword
 Text.Whitespace
weakCollectionOfName.Otherany0.6699string0.1851boolean0.0476any[]0.0174complex0.0146
(Punctuation
'WeakMap'Literal.String.Single
)Punctuation
;Punctuation
\n    Text.Whitespace
}Punctuation
\n    Text.Whitespace
ifKeyword
 Text.Whitespace
(Punctuation
isWeakSetName.Otherboolean0.5658any0.3418string0.0484complex0.0244any[]0.0058
(Punctuation
objName.Otherany0.9691{}0.0042string0.0040any[]0.0040Object0.0039
)Punctuation
)Punctuation
 Text.Whitespace
{Punctuation
\n        Text.Whitespace
returnKeyword
 Text.Whitespace
weakCollectionOfName.Otherany0.6609string0.1803boolean0.0438any[]0.0207complex0.0181
(Punctuation
'WeakSet'Literal.String.Single
)Punctuation
;Punctuation
\n    Text.Whitespace
}Punctuation
\n    Text.Whitespace
ifKeyword
 Text.Whitespace
(Punctuation
isWeakRefName.Otherboolean0.6150any0.3008string0.0436complex0.0218any[]0.0058
(Punctuation
objName.Otherany0.9681any[]0.0043{}0.0042string0.0041Object0.0041
)Punctuation
)Punctuation
 Text.Whitespace
{Punctuation
\n        Text.Whitespace
returnKeyword
 Text.Whitespace
weakCollectionOfName.Otherany0.6468string0.1638boolean0.0497any[]0.0308complex0.0215
(Punctuation
'WeakRef'Literal.String.Single
)Punctuation
;Punctuation
\n    Text.Whitespace
}Punctuation
\n    Text.Whitespace
ifKeyword
 Text.Whitespace
(Punctuation
isNumberName.Otherboolean0.8051any0.1115complex0.0748string0.0025{}0.0012
(Punctuation
objName.Otherany0.9891complex0.0023any[]0.0017Object0.0011string0.0011
)Punctuation
)Punctuation
 Text.Whitespace
{Punctuation
\n        Text.Whitespace
returnKeyword
 Text.Whitespace
markBoxedName.Otherany0.8496boolean0.0685string0.0322complex0.0142void0.0065
(Punctuation
inspectName.Otherany0.9754string0.0122complex0.0110any[]0.0002boolean0.0001
(Punctuation
NumberName.BuiltinNumberConstructor0.9966Number0.0005Console0.0002StringConstructor0.0001Window0.0001
(Punctuation
objName.Otherany0.9318string0.0235Object0.0144{}0.0091object0.0043
)Punctuation
)Punctuation
)Punctuation
;Punctuation
\n    Text.Whitespace
}Punctuation
\n    Text.Whitespace
ifKeyword
 Text.Whitespace
(Punctuation
isBigIntName.Otherboolean0.5412any0.3611string0.0606complex0.0243any[]0.0037
(Punctuation
objName.Otherany0.9721string0.0051Object0.0042{}0.0029any[]0.0028
)Punctuation
)Punctuation
 Text.Whitespace
{Punctuation
\n        Text.Whitespace
returnKeyword
 Text.Whitespace
markBoxedName.Otherany0.7349boolean0.1249string0.0814complex0.0131any[]0.0104
(Punctuation
inspectName.Otherany0.9024string0.0518complex0.0426any[]0.0006void0.0003
(Punctuation
bigIntValueOfName.Otherany0.9204string0.0385any[]0.0158complex0.0077string[]0.0031
.Punctuation
callName.Otherany0.9927complex0.0028string0.0015number0.0006any[]0.0004
(Punctuation
objName.Otherany0.9460string0.0160Object0.0091{}0.0073complex0.0072
)Punctuation
)Punctuation
)Punctuation
;Punctuation
\n    Text.Whitespace
}Punctuation
\n    Text.Whitespace
ifKeyword
 Text.Whitespace
(Punctuation
isBooleanName.Otherany0.5659boolean0.3298complex0.0898any[]0.0022string0.0022
(Punctuation
objName.Otherany0.9804Object0.0043any[]0.0022complex0.0022{}0.0018
)Punctuation
)Punctuation
 Text.Whitespace
{Punctuation
\n        Text.Whitespace
returnKeyword
 Text.Whitespace
markBoxedName.Otherany0.4949boolean0.3560any[]0.0397string0.0328complex0.0206
(Punctuation
booleanValueOfName.Otherany0.9486string0.0202any[]0.0083boolean0.0056Function0.0044
.Punctuation
callName.Otherany0.9947complex0.0018string0.0009number0.0005any[]0.0004
(Punctuation
objName.Otherany0.9617Object0.0090string0.0073{}0.0052complex0.0048
)Punctuation
)Punctuation
;Punctuation
\n    Text.Whitespace
}Punctuation
\n    Text.Whitespace
ifKeyword
 Text.Whitespace
(Punctuation
isStringName.Othercomplex0.6532any0.3042boolean0.0333string0.0030any[]0.0027
(Punctuation
objName.Otherany0.9820complex0.0037Object0.0029string0.0025any[]0.0022
)Punctuation
)Punctuation
 Text.Whitespace
{Punctuation
\n        Text.Whitespace
returnKeyword
 Text.Whitespace
markBoxedName.Otherany0.8038string0.0872boolean0.0577complex0.0252any[]0.0053
(Punctuation
inspectName.Otherany0.8882string0.0662complex0.0429boolean0.0004{}0.0003
(Punctuation
StringName.BuiltinStringConstructor0.9990String0.0006NumberConstructor0.0000string0.0000complex0.0000
(Punctuation
objName.Otherany0.9123Object0.0363{}0.0126complex0.0096string0.0074
)Punctuation
)Punctuation
)Punctuation
;Punctuation
\n    Text.Whitespace
}Punctuation
\n    Text.Whitespace
ifKeyword
 Text.Whitespace
(Punctuation
!Operator
isDateName.Otherboolean0.7537any0.1285complex0.1001any[]0.0028{}0.0019
(Punctuation
objName.Otherany0.9801Object0.0051complex0.0027{}0.0014any[]0.0012
)Punctuation
 Text.Whitespace
&&Operator
 Text.Whitespace
!Operator
isRegExpName.Otherboolean0.9166any0.0709complex0.0025string0.0014Boolean0.0008
(Punctuation
objName.Otherany0.9807Object0.0048string0.0034{}0.0019complex0.0013
)Punctuation
)Punctuation
 Text.Whitespace
{Punctuation
\n        Text.Whitespace
varKeyword.Declaration
 Text.Whitespace
ysName.Otherany0.9001string0.0315boolean0.0200any[]0.0091number0.0083
 Text.Whitespace
=Operator
 Text.Whitespace
arrObjKeysName.Otherany0.7786boolean0.0546string0.0536complex0.0423Object0.0134
(Punctuation
objName.Otherany0.9271Object0.0338{}0.0079string0.0074object0.0057
,Punctuation
 Text.Whitespace
inspectName.Otherany0.7145string0.2659complex0.0134void0.0010boolean0.0009
)Punctuation
;Punctuation
\n        Text.Whitespace
varKeyword.Declaration
 Text.Whitespace
isPlainObjectName.Otherboolean0.6866any0.2530string0.0193complex0.0119Object0.0093
 Text.Whitespace
=Operator
 Text.Whitespace
gPOName.Otherboolean0.8143any0.1123string0.0322Object0.0102complex0.0080
 Text.Whitespace
?Operator
 Text.Whitespace
gPOName.Otherany0.3476boolean0.3065complex0.0980string0.0822Object0.0631
(Punctuation
objName.Otherany0.9253Object0.0401string0.0088object0.0056{}0.0042
)Punctuation
 Text.Whitespace
===Operator
 Text.Whitespace
Object.prototypeName.Other
 Text.Whitespace
:Operator
 Text.Whitespace
objKeyword.Typeany0.7978Object0.1644{}0.0065string0.0058object0.0048
 Text.Whitespace
instanceofOperator.Word
 Text.Whitespace
ObjectName.BuiltinObjectConstructor0.9999Object0.0001any0.0000complex0.0000FunctionConstructor0.0000
 Text.Whitespace
||Operator
 Text.Whitespace
objName.Otherany0.6173Object0.3252complex0.0106object0.0082{}0.0062
.Punctuation
constructorKeyword.Reserved
 Text.Whitespace
===Operator
 Text.Whitespace
ObjectName.BuiltinObjectConstructor0.9998Object0.0002any0.0000{}0.0000PropertyDescriptor0.0000
;Punctuation
\n        Text.Whitespace
varKeyword.Declaration
 Text.Whitespace
protoTagName.Otherany0.5733boolean0.2135Object0.1086string0.0497complex0.0151
 Text.Whitespace
=Operator
 Text.Whitespace
objName.Otherany0.5823Object0.3586complex0.0163object0.0147{}0.0064
 Text.Whitespace
instanceofOperator.Word
 Text.Whitespace
ObjectName.BuiltinObjectConstructor0.9996Object0.0003any0.0000complex0.0000{}0.0000
 Text.Whitespace
?Operator
 Text.Whitespace
''Literal.String.Single
 Text.Whitespace
:Operator
 Text.Whitespace
'null prototype'Literal.String.Single
;Punctuation
\n        Text.Whitespace
varKeyword.Declaration
 Text.Whitespace
stringTagName.Otherboolean0.9129any0.0517string0.0107number0.0060Object0.0042
 Text.Whitespace
=Operator
 Text.Whitespace
!Operator
isPlainObjectName.Otherboolean0.7684any0.1331complex0.0346Object0.0203string0.0151
 Text.Whitespace
&&Operator
 Text.Whitespace
toStringTagName.Otherboolean0.7378any0.1778string0.0378Object0.0102number0.0072
 Text.Whitespace
&&Operator
 Text.Whitespace
ObjectName.BuiltinObjectConstructor0.9990Object0.0007any0.0001complex0.0001PropertyDescriptor0.0000
(Punctuation
objName.Otherany0.8983Object0.0634{}0.0099object0.0076complex0.0076
)Punctuation
 Text.Whitespace
===Operator
 Text.Whitespace
objName.Otherany0.8679Object0.0691{}0.0147string0.0102object0.0090
 Text.Whitespace
&&Operator
 Text.Whitespace
toStringTagName.Otherstring0.6440any0.3286boolean0.0126number0.0070complex0.0023
 Text.Whitespace
inOperator.Word
 Text.Whitespace
objName.Otherany0.9361Object0.0284complex0.0107{}0.0081any[]0.0075
 Text.Whitespace
?Operator
 Text.Whitespace
$sliceName.Other
.Punctuation
callName.Otherany0.9963complex0.0010string0.0009number0.0007any[]0.0003
(Punctuation
toStrName.Otherany0.4018string0.3162boolean0.1724complex0.0369number0.0299
(Punctuation
objName.Otherany0.9540Object0.0163string0.0047{}0.0039complex0.0038
)Punctuation
,Punctuation
 Text.Whitespace
8Literal.Number.Float
,Punctuation
 Text.Whitespace
-Operator
1Literal.Number.Float
)Punctuation
 Text.Whitespace
:Operator
 Text.Whitespace
protoTagName.Otherboolean0.8420any0.0980string0.0320number0.0106{}0.0050
 Text.Whitespace
?Operator
 Text.Whitespace
'Object'Literal.String.Single
 Text.Whitespace
:Operator
 Text.Whitespace
''Literal.String.Single
;Punctuation
\n        Text.Whitespace
varKeyword.Declaration
 Text.Whitespace
constructorTagName.Otherany0.7047boolean0.2107number0.0349string0.0323any[]0.0031
 Text.Whitespace
=Operator
 Text.Whitespace
isPlainObjectName.Otherboolean0.6617any0.2845string0.0148complex0.0092number0.0085
 Text.Whitespace
||Operator
 Text.Whitespace
typeofOperator.Word
 Text.Whitespace
objName.Otherany0.9718Object0.0130complex0.0058any[]0.0013{}0.0010
.Punctuation
constructorKeyword.Reserved
 Text.Whitespace
!==Operator
 Text.Whitespace
'function'Literal.String.Single
 Text.Whitespace
?Operator
 Text.Whitespace
''Literal.String.Single
 Text.Whitespace
:Operator
 Text.Whitespace
objName.Otherany0.9768Object0.0086complex0.0021Date0.0014string0.0013
.Punctuation
constructorKeyword.Reserved
.Punctuation
nameName.Otherany0.9663string0.0316complex0.0010number0.0004boolean0.0002
 Text.Whitespace
?Operator
 Text.Whitespace
objName.Otherany0.9883Object0.0030complex0.0011string0.0011Date0.0008
.Punctuation
constructorKeyword.Reserved
.Punctuation
nameName.Otherany0.9770string0.0217complex0.0007number0.0003void0.0001
 Text.Whitespace
+Operator
 Text.Whitespace
' 'Literal.String.Single
 Text.Whitespace
:Operator
 Text.Whitespace
''Literal.String.Single
;Punctuation
\n        Text.Whitespace
varKeyword.Declaration
 Text.Whitespace
tagName.Otherstring0.6886any0.2895number0.0203complex0.0005boolean0.0004
 Text.Whitespace
=Operator
 Text.Whitespace
constructorTagName.Otherstring0.4911any0.4225number0.0811boolean0.0021complex0.0014
 Text.Whitespace
+Operator
 Text.Whitespace
(Punctuation
stringTagName.Otherany0.7389string0.1852number0.0476boolean0.0221complex0.0013
 Text.Whitespace
||Operator
 Text.Whitespace
protoTagName.Otherboolean0.4300any0.3529string0.1880number0.0208complex0.0019
 Text.Whitespace
?Operator
 Text.Whitespace
'['Literal.String.Single
 Text.Whitespace
+Operator
 Text.Whitespace
$joinName.Other
.Punctuation
callName.Otherany0.9923number0.0020complex0.0019string0.0011void0.0010
(Punctuation
$concatName.Other
.Punctuation
callName.Otherany0.9934complex0.0014number0.0010any[]0.0010string0.0008
(Punctuation
[Punctuation
]Punctuation
,Punctuation
 Text.Whitespace
stringTagName.Otherany0.7626any[]0.0787string0.0486string[]0.0413boolean0.0220
 Text.Whitespace
||Operator
 Text.Whitespace
[Punctuation
]Punctuation
,Punctuation
 Text.Whitespace
protoTagName.Otherany0.7762string0.0746boolean0.0450any[]0.0354string[]0.0338
 Text.Whitespace
||Operator
 Text.Whitespace
[Punctuation
]Punctuation
)Punctuation
,Punctuation
 Text.Whitespace
': 'Literal.String.Single
)Punctuation
 Text.Whitespace
+Operator
 Text.Whitespace
'] 'Literal.String.Single
 Text.Whitespace
:Operator
 Text.Whitespace
''Literal.String.Single
)Punctuation
;Punctuation
\n        Text.Whitespace
ifKeyword
 Text.Whitespace
(Punctuation
ysName.Otherany0.8111string0.1019any[]0.0338string[]0.0206number[]0.0113
.Punctuation
lengthName.Othernumber0.5325any0.4645string0.0016complex0.0008void0.0002
 Text.Whitespace
===Operator
 Text.Whitespace
0Literal.Number.Float
)Punctuation
 Text.Whitespace
{Punctuation
 Text.Whitespace
returnKeyword
 Text.Whitespace
tagName.Otherstring0.5218any0.4486number0.0272complex0.0006boolean0.0004
 Text.Whitespace
+Operator
 Text.Whitespace
'{}'Literal.String.Single
;Punctuation
 Text.Whitespace
}Punctuation
\n        Text.Whitespace
ifKeyword
 Text.Whitespace
(Punctuation
indentName.Othernumber0.4569any0.3074string0.2265boolean0.0051complex0.0016
)Punctuation
 Text.Whitespace
{Punctuation
\n            Text.Whitespace
returnKeyword
 Text.Whitespace
tagName.Otherstring0.5181any0.4569number0.0228complex0.0006boolean0.0004
 Text.Whitespace
+Operator
 Text.Whitespace
'{'Literal.String.Single
 Text.Whitespace
+Operator
 Text.Whitespace
indentedJoinName.Otherstring0.7403any0.1893number0.0519boolean0.0091complex0.0034
(Punctuation
ysName.Otherany0.7876string0.1450number0.0409boolean0.0064any[]0.0048
,Punctuation
 Text.Whitespace
indentName.Othernumber0.5787string0.2197any0.1947complex0.0016Date0.0013
)Punctuation
 Text.Whitespace
+Operator
 Text.Whitespace
'}'Literal.String.Single
;Punctuation
\n        Text.Whitespace
}Punctuation
\n        Text.Whitespace
returnKeyword
 Text.Whitespace
tagName.Otherany0.5302string0.4448number0.0226complex0.0005boolean0.0003
 Text.Whitespace
+Operator
 Text.Whitespace
'{ 'Literal.String.Single
 Text.Whitespace
+Operator
 Text.Whitespace
$joinName.Other
.Punctuation
callName.Otherany0.9898number0.0035complex0.0022string0.0019void0.0006
(Punctuation
ysName.Otherany0.8060string0.1122number0.0248boolean0.0135complex0.0066
,Punctuation
 Text.Whitespace
', 'Literal.String.Single
)Punctuation
 Text.Whitespace
+Operator
 Text.Whitespace
' }'Literal.String.Single
;Punctuation
\n    Text.Whitespace
}Punctuation
\n    Text.Whitespace
returnKeyword
 Text.Whitespace
StringName.BuiltinStringConstructor0.9991String0.0007NumberConstructor0.0000string0.0000Object0.0000
(Punctuation
objName.Otherany0.8662Object0.0515{}0.0207complex0.0127number0.0123
)Punctuation
;Punctuation
\nText.Whitespace
}Punctuation
;Punctuation
\n\nText.Whitespace
functionKeyword.Declaration
 Text.Whitespace
wrapQuotesName.Otherstring0.7069any0.1831boolean0.0428number0.0276void0.0088
(Punctuation
sName.Otherstring0.7861any0.1756number0.0196String0.0108Object0.0010
,Punctuation
 Text.Whitespace
defaultStyleName.Otherstring0.5404any0.2889number0.1048boolean0.0319Date0.0087
,Punctuation
 Text.Whitespace
optsName.Otherany0.7602Object0.0286number0.0180Options0.0143string0.0118
)Punctuation
 Text.Whitespace
{Punctuation
\n    Text.Whitespace
varKeyword.Declaration
 Text.Whitespace
quoteCharName.Otherstring0.7576any0.1495boolean0.0524number0.0319void0.0021
 Text.Whitespace
=Operator
 Text.Whitespace
(Punctuation
optsName.Otherany0.6816complex0.0401Object0.0350Options0.0294Date0.0173
.Punctuation
quoteStyleName.Otherany0.5151string0.1889number0.1563boolean0.0954complex0.0236
 Text.Whitespace
||Operator
 Text.Whitespace
defaultStyleName.Otherany0.3880string0.2903number0.1547boolean0.1436complex0.0064
)Punctuation
 Text.Whitespace
===Operator
 Text.Whitespace
'double'Literal.String.Single
 Text.Whitespace
?Operator
 Text.Whitespace
'"'Literal.String.Single
 Text.Whitespace
:Operator
 Text.Whitespace
"'"Literal.String.Double
;Punctuation
\n    Text.Whitespace
returnKeyword
 Text.Whitespace
quoteCharName.Otherany0.3728string0.3101number0.3088boolean0.0048complex0.0005
 Text.Whitespace
+Operator
 Text.Whitespace
sName.Otherstring0.6709any0.2575number0.0678String0.0009complex0.0004
 Text.Whitespace
+Operator
 Text.Whitespace
quoteCharName.Otherstring0.3843any0.3430number0.2376boolean0.0249complex0.0018
;Punctuation
\nText.Whitespace
}Punctuation
\n\nText.Whitespace
functionKeyword.Declaration
 Text.Whitespace
quoteName.Otherany0.6092string0.1846number0.0504boolean0.0180any[]0.0112
(Punctuation
sName.Otherstring0.5582any0.4079number0.0184String0.0072boolean0.0015
)Punctuation
 Text.Whitespace
{Punctuation
\n    Text.Whitespace
returnKeyword
 Text.Whitespace
$replaceName.Other
.Punctuation
callName.Otherany0.9910string0.0025number0.0018complex0.0009void0.0006
(Punctuation
StringName.BuiltinStringConstructor0.9986String0.0011string0.0000NumberConstructor0.0000complex0.0000
(Punctuation
sName.Otherstring0.6946any0.1910String0.0778number0.0154never0.0022
)Punctuation
,Punctuation
 Text.Whitespace
/"/gLiteral.String.Regex
,Punctuation
 Text.Whitespace
'&quot;'Literal.String.Single
)Punctuation
;Punctuation
\nText.Whitespace
}Punctuation
\n\nText.Whitespace
functionKeyword.Declaration
 Text.Whitespace
isArrayName.Otherboolean0.9238any0.0465complex0.0141any[]0.0035string0.0013
(Punctuation
objName.Otherany0.9748Object0.0051string0.0039number0.0018boolean0.0018
)Punctuation
 Text.Whitespace
{Punctuation
 Text.Whitespace
returnKeyword
 Text.Whitespace
toStrName.Otherboolean0.7407any0.1760string0.0562number0.0048complex0.0045
(Punctuation
objName.Otherany0.9699Object0.0114string0.0061Date0.0021object0.0021
)Punctuation
 Text.Whitespace
===Operator
 Text.Whitespace
'[object Array]'Literal.String.Single
 Text.Whitespace
&&Operator
 Text.Whitespace
(Punctuation
!Operator
toStringTagName.Otherboolean0.6215any0.2873string0.0779number0.0056complex0.0014
 Text.Whitespace
||Operator
 Text.Whitespace
!Operator
(Punctuation
typeofOperator.Word
 Text.Whitespace
objName.Otherany0.9803Object0.0073string0.0038Date0.0014complex0.0012
 Text.Whitespace
===Operator
 Text.Whitespace
'object'Literal.String.Single
 Text.Whitespace
&&Operator
 Text.Whitespace
toStringTagName.Otherstring0.6997any0.2742boolean0.0187number0.0035complex0.0010
 Text.Whitespace
inOperator.Word
 Text.Whitespace
objName.Otherany0.8352Object0.0752object0.0304{}0.0254complex0.0065
)Punctuation
)Punctuation
;Punctuation
 Text.Whitespace
}Punctuation
\nText.Whitespace
functionKeyword.Declaration
 Text.Whitespace
isDateName.Otherboolean0.9283any0.0543complex0.0079string0.0025Boolean0.0008
(Punctuation
objName.Otherany0.9697string0.0058Object0.0054object0.0041Date0.0015
)Punctuation
 Text.Whitespace
{Punctuation
 Text.Whitespace
returnKeyword
 Text.Whitespace
toStrName.Otherboolean0.5683any0.2900string0.1053complex0.0076any[]0.0041
(Punctuation
objName.Otherany0.9679Object0.0103string0.0082object0.0035Date0.0021
)Punctuation
 Text.Whitespace
===Operator
 Text.Whitespace
'[object Date]'Literal.String.Single
 Text.Whitespace
&&Operator
 Text.Whitespace
(Punctuation
!Operator
toStringTagName.Otherboolean0.5505any0.3364string0.1000number0.0047complex0.0016
 Text.Whitespace
||Operator
 Text.Whitespace
!Operator
(Punctuation
typeofOperator.Word
 Text.Whitespace
objName.Otherany0.9857Object0.0044string0.0032complex0.0012Date0.0011
 Text.Whitespace
===Operator
 Text.Whitespace
'object'Literal.String.Single
 Text.Whitespace
&&Operator
 Text.Whitespace
toStringTagName.Otherstring0.7079any0.2667boolean0.0189number0.0030complex0.0010
 Text.Whitespace
inOperator.Word
 Text.Whitespace
objName.Otherany0.8729Object0.0517object0.0249{}0.0199any[]0.0057
)Punctuation
)Punctuation
;Punctuation
 Text.Whitespace
}Punctuation
\nText.Whitespace
functionKeyword.Declaration
 Text.Whitespace
isRegExpName.Otherboolean0.9526any0.0407string0.0017number0.0008complex0.0005
(Punctuation
objName.Otherany0.9617Object0.0090string0.0090object0.0055{}0.0016
)Punctuation
 Text.Whitespace
{Punctuation
 Text.Whitespace
returnKeyword
 Text.Whitespace
toStrName.Otherboolean0.6145any0.2592string0.0928complex0.0064Object0.0039
(Punctuation
objName.Otherany0.9633Object0.0137string0.0085object0.0043Date0.0018
)Punctuation
 Text.Whitespace
===Operator
 Text.Whitespace
'[object RegExp]'Literal.String.Single
 Text.Whitespace
&&Operator
 Text.Whitespace
(Punctuation
!Operator
toStringTagName.Otherboolean0.5894any0.3005string0.0970number0.0044complex0.0015
 Text.Whitespace
||Operator
 Text.Whitespace
!Operator
(Punctuation
typeofOperator.Word
 Text.Whitespace
objName.Otherany0.9842Object0.0053string0.0034Date0.0012complex0.0011
 Text.Whitespace
===Operator
 Text.Whitespace
'object'Literal.String.Single
 Text.Whitespace
&&Operator
 Text.Whitespace
toStringTagName.Otherstring0.6747any0.2953boolean0.0224number0.0031complex0.0012
 Text.Whitespace
inOperator.Word
 Text.Whitespace
objName.Otherany0.8779Object0.0509object0.0224{}0.0199any[]0.0057
)Punctuation
)Punctuation
;Punctuation
 Text.Whitespace
}Punctuation
\nText.Whitespace
functionKeyword.Declaration
 Text.Whitespace
isErrorName.Otherboolean0.7256any0.1449complex0.1070any[]0.0051{}0.0037
(Punctuation
objName.Otherany0.9411Object0.0164string0.0102object0.0093{}0.0028
)Punctuation
 Text.Whitespace
{Punctuation
 Text.Whitespace
returnKeyword
 Text.Whitespace
toStrName.Otherboolean0.6247any0.2366string0.0953complex0.0118any[]0.0060
(Punctuation
objName.Otherany0.9412Object0.0279string0.0093object0.0069Date0.0029
)Punctuation
 Text.Whitespace
===Operator
 Text.Whitespace
'[object Error]'Literal.String.Single
 Text.Whitespace
&&Operator
 Text.Whitespace
(Punctuation
!Operator
toStringTagName.Otherboolean0.6809any0.2320string0.0760number0.0036complex0.0018
 Text.Whitespace
||Operator
 Text.Whitespace
!Operator
(Punctuation
typeofOperator.Word
 Text.Whitespace
objName.Otherany0.9800Object0.0073string0.0037complex0.0015boolean0.0014
 Text.Whitespace
===Operator
 Text.Whitespace
'object'Literal.String.Single
 Text.Whitespace
&&Operator
 Text.Whitespace
toStringTagName.Otherstring0.7015any0.2594boolean0.0305number0.0035complex0.0015
 Text.Whitespace
inOperator.Word
 Text.Whitespace
objName.Otherany0.8702Object0.0496object0.0234{}0.0229any[]0.0075
)Punctuation
)Punctuation
;Punctuation
 Text.Whitespace
}Punctuation
\nText.Whitespace
functionKeyword.Declaration
 Text.Whitespace
isStringName.Otherany0.4554boolean0.3457complex0.1828string0.0066number0.0022
(Punctuation
objName.Otherany0.9811string0.0066Object0.0035object0.0015{}0.0010
)Punctuation
 Text.Whitespace
{Punctuation
 Text.Whitespace
returnKeyword
 Text.Whitespace
toStrName.Otherboolean0.6452any0.2204string0.1073complex0.0071number0.0035
(Punctuation
objName.Otherany0.9652Object0.0124string0.0110object0.0024Date0.0016
)Punctuation
 Text.Whitespace
===Operator
 Text.Whitespace
'[object String]'Literal.String.Single
 Text.Whitespace
&&Operator
 Text.Whitespace
(Punctuation
!Operator
toStringTagName.Otherboolean0.6607any0.2314string0.0963number0.0042complex0.0018
 Text.Whitespace
||Operator
 Text.Whitespace
!Operator
(Punctuation
typeofOperator.Word
 Text.Whitespace
objName.Otherany0.9810Object0.0069string0.0037complex0.0018boolean0.0012
 Text.Whitespace
===Operator
 Text.Whitespace
'object'Literal.String.Single
 Text.Whitespace
&&Operator
 Text.Whitespace
toStringTagName.Otherstring0.7443any0.2343boolean0.0149number0.0028complex0.0012
 Text.Whitespace
inOperator.Word
 Text.Whitespace
objName.Otherany0.8620Object0.0544object0.0263{}0.0242complex0.0081
)Punctuation
)Punctuation
;Punctuation
 Text.Whitespace
}Punctuation
\nText.Whitespace
functionKeyword.Declaration
 Text.Whitespace
isNumberName.Otherboolean0.8293any0.1255complex0.0362string0.0032number0.0009
(Punctuation
objName.Otherany0.9899string0.0020Object0.0018object0.0013complex0.0007
)Punctuation
 Text.Whitespace
{Punctuation
 Text.Whitespace
returnKeyword
 Text.Whitespace
toStrName.Otherboolean0.5631any0.3105string0.0891complex0.0112{}0.0040
(Punctuation
objName.Otherany0.9796Object0.0066string0.0046object0.0019Date0.0010
)Punctuation
 Text.Whitespace
===Operator
 Text.Whitespace
'[object Number]'Literal.String.Single
 Text.Whitespace
&&Operator
 Text.Whitespace
(Punctuation
!Operator
toStringTagName.Otherboolean0.6072any0.3082string0.0710number0.0050complex0.0021
 Text.Whitespace
||Operator
 Text.Whitespace
!Operator
(Punctuation
typeofOperator.Word
 Text.Whitespace
objName.Otherany0.9871Object0.0032string0.0028complex0.0015boolean0.0010
 Text.Whitespace
===Operator
 Text.Whitespace
'object'Literal.String.Single
 Text.Whitespace
&&Operator
 Text.Whitespace
toStringTagName.Otherstring0.6843any0.2824boolean0.0250number0.0036complex0.0014
 Text.Whitespace
inOperator.Word
 Text.Whitespace
objName.Otherany0.8927Object0.0379object0.0179{}0.0175complex0.0075
)Punctuation
)Punctuation
;Punctuation
 Text.Whitespace
}Punctuation
\nText.Whitespace
functionKeyword.Declaration
 Text.Whitespace
isBooleanName.Otherboolean0.7369any0.2278complex0.0243string0.0025false0.0012
(Punctuation
objName.Otherany0.9838string0.0045Object0.0024boolean0.0013object0.0008
)Punctuation
 Text.Whitespace
{Punctuation
 Text.Whitespace
returnKeyword
 Text.Whitespace
toStrName.Otherboolean0.6719any0.2412string0.0682complex0.0051number0.0020
(Punctuation
objName.Otherany0.9808Object0.0060string0.0053object0.0014Date0.0010
)Punctuation
 Text.Whitespace
===Operator
 Text.Whitespace
'[object Boolean]'Literal.String.Single
 Text.Whitespace
&&Operator
 Text.Whitespace
(Punctuation
!Operator
toStringTagName.Otherboolean0.5271any0.3774string0.0837number0.0032complex0.0018
 Text.Whitespace
||Operator
 Text.Whitespace
!Operator
(Punctuation
typeofOperator.Word
 Text.Whitespace
objName.Otherany0.9895Object0.0026string0.0023complex0.0013boolean0.0008
 Text.Whitespace
===Operator
 Text.Whitespace
'object'Literal.String.Single
 Text.Whitespace
&&Operator
 Text.Whitespace
toStringTagName.Otherstring0.6845any0.2937boolean0.0149number0.0028complex0.0012
 Text.Whitespace
inOperator.Word
 Text.Whitespace
objName.Otherany0.8837Object0.0503object0.0181{}0.0171complex0.0097
)Punctuation
)Punctuation
;Punctuation
 Text.Whitespace
}Punctuation
\n\nText.Whitespace
Text
// Symbol and BigInt do have Symbol.toStringTag by spec, so that can't be used to eliminate false positivesComment.Single
\nText.Whitespace
functionKeyword.Declaration
 Text.Whitespace
isSymbolName.Otherboolean0.3980any0.2995complex0.2093Object0.0130number0.0106
(Punctuation
objName.Otherany0.9800Object0.0057string0.0036object0.0016complex0.0015
)Punctuation
 Text.Whitespace
{Punctuation
\n    Text.Whitespace
ifKeyword
 Text.Whitespace
(Punctuation
hasShammedSymbolsName.Otherany0.5664boolean0.3608string0.0483number0.0123complex0.0024
)Punctuation
 Text.Whitespace
{Punctuation
\n        Text.Whitespace
returnKeyword
 Text.Whitespace
objName.Otherany0.9827Object0.0055string0.0024boolean0.0014{}0.0013
 Text.Whitespace
&&Operator
 Text.Whitespace
typeofOperator.Word
 Text.Whitespace
objName.Otherany0.9899Object0.0033string0.0023complex0.0015number0.0005
 Text.Whitespace
===Operator
 Text.Whitespace
'object'Literal.String.Single
 Text.Whitespace
&&Operator
 Text.Whitespace
objName.Otherany0.9805Object0.0058complex0.0040{}0.0022string0.0018
 Text.Whitespace
instanceofOperator.Word
 Text.Whitespace
SymbolName.Builtinany0.9605SymbolConstructor0.0144symbol0.0078complex0.0074{}0.0014
;Punctuation
\n    Text.Whitespace
}Punctuation
\n    Text.Whitespace
ifKeyword
 Text.Whitespace
(Punctuation
typeofOperator.Word
 Text.Whitespace
objName.Otherany0.9769complex0.0082Object0.0040{}0.0021string0.0014
 Text.Whitespace
===Operator
 Text.Whitespace
'symbol'Literal.String.Single
)Punctuation
 Text.Whitespace
{Punctuation
\n        Text.Whitespace
returnKeyword
 Text.Whitespace
trueKeyword.Constant
;Punctuation
\n    Text.Whitespace
}Punctuation
\n    Text.Whitespace
ifKeyword
 Text.Whitespace
(Punctuation
!Operator
objName.Otherany0.9558boolean0.0147Object0.0071complex0.0048{}0.0031
 Text.Whitespace
||Operator
 Text.Whitespace
typeofOperator.Word
 Text.Whitespace
objName.Otherany0.9795Object0.0039complex0.0024boolean0.0023string0.0023
 Text.Whitespace
!==Operator
 Text.Whitespace
'object'Literal.String.Single
 Text.Whitespace
||Operator
 Text.Whitespace
!Operator
symToStringName.Otherboolean0.6952any0.2445string0.0300number0.0142false0.0024
)Punctuation
 Text.Whitespace
{Punctuation
\n        Text.Whitespace
returnKeyword
 Text.Whitespace
falseKeyword.Constant
;Punctuation
\n    Text.Whitespace
}Punctuation
\n    Text.Whitespace
tryKeyword
 Text.Whitespace
{Punctuation
\n        Text.Whitespace
symToStringName.Otherany0.7885boolean0.0815void0.0637Function0.0195string0.0144
.Punctuation
callName.Otherany0.9800void0.0048complex0.0023number0.0017string0.0014
(Punctuation
objName.Otherany0.9289Object0.0168{}0.0097string0.0056complex0.0036
)Punctuation
;Punctuation
\n        Text.Whitespace
returnKeyword
 Text.Whitespace
trueKeyword.Constant
;Punctuation
\n    Text.Whitespace
}Punctuation
 Text.Whitespace
catchKeyword
 Text.Whitespace
(Punctuation
eName.Otherany0.9992string0.0002number0.0001complex0.0001Error0.0000
)Punctuation
 Text.Whitespace
{Punctuation
}Punctuation
\n    Text.Whitespace
returnKeyword
 Text.Whitespace
falseKeyword.Constant
;Punctuation
\nText.Whitespace
}Punctuation
\n\nText.Whitespace
functionKeyword.Declaration
 Text.Whitespace
isBigIntName.Otherboolean0.8259any0.1417string0.0151number0.0047complex0.0044
(Punctuation
objName.Otherany0.9700Object0.0062string0.0043boolean0.0020object0.0018
)Punctuation
 Text.Whitespace
{Punctuation
\n    Text.Whitespace
ifKeyword
 Text.Whitespace
(Punctuation
!Operator
objName.Otherany0.9788boolean0.0065Object0.0039string0.0015complex0.0014
 Text.Whitespace
||Operator
 Text.Whitespace
typeofOperator.Word
 Text.Whitespace
objName.Otherany0.9857Object0.0030string0.0019boolean0.0015number0.0012
 Text.Whitespace
!==Operator
 Text.Whitespace
'object'Literal.String.Single
 Text.Whitespace
||Operator
 Text.Whitespace
!Operator
bigIntValueOfName.Otherboolean0.6767any0.2563string0.0411number0.0139false0.0018
)Punctuation
 Text.Whitespace
{Punctuation
\n        Text.Whitespace
returnKeyword
 Text.Whitespace
falseKeyword.Constant
;Punctuation
\n    Text.Whitespace
}Punctuation
\n    Text.Whitespace
tryKeyword
 Text.Whitespace
{Punctuation
\n        Text.Whitespace
bigIntValueOfName.Otherany0.8442boolean0.0664void0.0398Function0.0153string0.0150
.Punctuation
callName.Otherany0.9877void0.0028complex0.0015number0.0013string0.0012
(Punctuation
objName.Otherany0.9477Object0.0115{}0.0058string0.0053object0.0024
)Punctuation
;Punctuation
\n        Text.Whitespace
returnKeyword
 Text.Whitespace
trueKeyword.Constant
;Punctuation
\n    Text.Whitespace
}Punctuation
 Text.Whitespace
catchKeyword
 Text.Whitespace
(Punctuation
eName.Otherany0.9992string0.0002number0.0001complex0.0001Error0.0001
)Punctuation
 Text.Whitespace
{Punctuation
}Punctuation
\n    Text.Whitespace
returnKeyword
 Text.Whitespace
falseKeyword.Constant
;Punctuation
\nText.Whitespace
}Punctuation
\n\nText.Whitespace
varKeyword.Declaration
 Text.Whitespace
hasOwnName.Otherboolean0.9071any0.0660complex0.0061string0.0054number0.0038
 Text.Whitespace
=Operator
 Text.Whitespace
ObjectName.BuiltinObjectConstructor0.9999Object0.0001any0.0000complex0.0000{}0.0000
.Punctuation
prototypeName.OtherObject0.8237any[]0.0325any0.0256String0.0117{}0.0099
.Punctuation
hasOwnPropertyName.Othercomplex0.8813any0.0771boolean0.0173string0.0101Object0.0083
 Text.Whitespace
||Operator
 Text.Whitespace
functionKeyword.Declaration
 Text.Whitespace
(Punctuation
keyName.Otherstring0.6999any0.2822complex0.0086number0.0062boolean0.0012
)Punctuation
 Text.Whitespace
{Punctuation
 Text.Whitespace
returnKeyword
 Text.Whitespace
keyName.Otherstring0.8083any0.1826complex0.0033number0.0029boolean0.0014
 Text.Whitespace
inOperator.Word
 Text.Whitespace
thisKeyword
;Punctuation
 Text.Whitespace
}Punctuation
;Punctuation
\nText.Whitespace
functionKeyword.Declaration
 Text.Whitespace
hasName.Otherboolean0.9034any0.0522{}0.0187complex0.0040any[]0.0019
(Punctuation
objName.Otherany0.9139Object0.0325string0.0133object0.0111{}0.0066
,Punctuation
 Text.Whitespace
keyName.Otherstring0.7761any0.2064number0.0061complex0.0055Object0.0011
)Punctuation
 Text.Whitespace
{Punctuation
\n    Text.Whitespace
returnKeyword
 Text.Whitespace
hasOwnName.Otherboolean0.8770any0.0874number0.0086false0.0065complex0.0048
.Punctuation
callName.Otherany0.9891complex0.0031string0.0019number0.0012Function0.0008
(Punctuation
objName.Otherany0.9358Object0.0241string0.0097{}0.0092object0.0042
,Punctuation
 Text.Whitespace
keyName.Otherstring0.6073any0.3731complex0.0082number0.0059any[]0.0011
)Punctuation
;Punctuation
\nText.Whitespace
}Punctuation
\n\nText.Whitespace
functionKeyword.Declaration
 Text.Whitespace
toStrName.Otherany0.8712boolean0.0678string0.0246any[]0.0075number0.0060
(Punctuation
objName.Otherany0.9604Object0.0093string0.0076object0.0046number0.0023
)Punctuation
 Text.Whitespace
{Punctuation
\n    Text.Whitespace
returnKeyword
 Text.Whitespace
objectToStringName.Otherany0.8904string0.0435boolean0.0252Function0.0101any[]0.0075
.Punctuation
callName.Otherany0.9959string0.0007void0.0006number0.0006complex0.0005
(Punctuation
objName.Otherany0.9471string0.0175Object0.0092{}0.0046object0.0031
)Punctuation
;Punctuation
\nText.Whitespace
}Punctuation
\n\nText.Whitespace
functionKeyword.Declaration
 Text.Whitespace
nameOfName.Otherany0.7295string0.2459void0.0065Function0.0052number0.0048
(Punctuation
fName.Otherany0.8011string0.0639Function0.0245String0.0078number0.0025
)Punctuation
 Text.Whitespace
{Punctuation
\n    Text.Whitespace
ifKeyword
 Text.Whitespace
(Punctuation
fName.Otherany0.6474Function0.0265String0.0114string0.0096Node0.0037
.Punctuation
nameName.Otherany0.8129string0.1839complex0.0009number0.0008boolean0.0003
)Punctuation
 Text.Whitespace
{Punctuation
 Text.Whitespace
returnKeyword
 Text.Whitespace
fName.Otherany0.8282string0.0190Function0.0186String0.0059Object0.0015
.Punctuation
nameName.Otherany0.9079string0.0896complex0.0006number0.0006void0.0003
;Punctuation
 Text.Whitespace
}Punctuation
\n    Text.Whitespace
varKeyword.Declaration
 Text.Whitespace
mName.Otherany0.9837string0.0062number0.0044void0.0007complex0.0007
 Text.Whitespace
=Operator
 Text.Whitespace
$matchName.Other
.Punctuation
callName.Otherany0.9932string0.0012number0.0011complex0.0009void0.0006
(Punctuation
functionToStringName.Otherany0.8984string0.0340void0.0174Function0.0119boolean0.0066
.Punctuation
callName.Otherany0.9909string0.0021number0.0013void0.0009complex0.0008
(Punctuation
fName.Otherany0.8050string0.0934Function0.0247void0.0041number0.0036
)Punctuation
,Punctuation
 Text.Whitespace
/^function\s*([\w$]+)/Literal.String.Regex
)Punctuation
;Punctuation
\n    Text.Whitespace
ifKeyword
 Text.Whitespace
(Punctuation
mName.Otherany0.9747string0.0088number0.0044complex0.0016boolean0.0009
)Punctuation
 Text.Whitespace
{Punctuation
 Text.Whitespace
returnKeyword
 Text.Whitespace
mName.Otherany0.9681any[]0.0096complex0.0037string0.0020RegExpMatchArray0.0017
[Punctuation
1Literal.Number.Float
]Punctuation
;Punctuation
 Text.Whitespace
}Punctuation
\n    Text.Whitespace
returnKeyword
 Text.Whitespace
nullKeyword.Constant
;Punctuation
\nText.Whitespace
}Punctuation
\n\nText.Whitespace
functionKeyword.Declaration
 Text.Whitespace
indexOfName.Othernumber0.9384any0.0564string0.0018boolean0.0007void0.0006
(Punctuation
xsName.Otherany0.6529string0.0534any[]0.0453number0.0289number[]0.0211
,Punctuation
 Text.Whitespace
xName.Otherany0.8217number0.1092string0.0458{}0.0031boolean0.0022
)Punctuation
 Text.Whitespace
{Punctuation
\n    Text.Whitespace
ifKeyword
 Text.Whitespace
(Punctuation
xsName.Otherany0.4425any[]0.1332number[]0.0434string[]0.0264complex0.0135
.Punctuation
indexOfName.Othernumber0.9340any0.0630string0.0012complex0.0004boolean0.0002
)Punctuation
 Text.Whitespace
{Punctuation
 Text.Whitespace
returnKeyword
 Text.Whitespace
xsName.Otherstring[]0.3298any[]0.3207any0.1920number[]0.0467string0.0152
.Punctuation
indexOfName.Othernumber0.9519any0.0457string0.0010complex0.0003void0.0003
(Punctuation
xName.Otherany0.7526string0.1348number0.0669{}0.0225boolean0.0077
)Punctuation
;Punctuation
 Text.Whitespace
}Punctuation
\n    Text.Whitespace
forKeyword
 Text.Whitespace
(Punctuation
varKeyword.Declaration
 Text.Whitespace
iName.Othernumber0.9921any0.0072string0.0003boolean0.0001complex0.0001
 Text.Whitespace
=Operator
 Text.Whitespace
0Literal.Number.Float
,Punctuation
 Text.Whitespace
lName.Othernumber0.8041any0.1830string0.0092boolean0.0013complex0.0004
 Text.Whitespace
=Operator
 Text.Whitespace
xsName.Otherany0.4203any[]0.2087string[]0.1131number[]0.0572string0.0170
.Punctuation
lengthName.Othernumber0.6586any0.3384string0.0011complex0.0006boolean0.0003
;Punctuation
 Text.Whitespace
iName.Othernumber0.9444any0.0543string0.0006boolean0.0002void0.0002
 Text.Whitespace
<Operator
 Text.Whitespace
lName.Othernumber0.7054any0.2886string0.0037boolean0.0006complex0.0004
;Punctuation
 Text.Whitespace
iName.Othernumber0.9504any0.0486string0.0005boolean0.0002complex0.0001
++Operator
)Punctuation
 Text.Whitespace
{Punctuation
\n        Text.Whitespace
ifKeyword
 Text.Whitespace
(Punctuation
xsName.Otherany0.5678any[]0.1461number[]0.0701{}0.0226string[]0.0161
[Punctuation
iName.Othernumber0.9706any0.0256string0.0031boolean0.0002complex0.0001
]Punctuation
 Text.Whitespace
===Operator
 Text.Whitespace
xName.Otherany0.7676number0.1465string0.0691boolean0.0042{}0.0042
)Punctuation
 Text.Whitespace
{Punctuation
 Text.Whitespace
returnKeyword
 Text.Whitespace
iName.Othernumber0.9539any0.0433string0.0017boolean0.0004void0.0002
;Punctuation
 Text.Whitespace
}Punctuation
\n    Text.Whitespace
}Punctuation
\n    Text.Whitespace
returnKeyword
 Text.Whitespace
-Operator
1Literal.Number.Float
;Punctuation
\nText.Whitespace
}Punctuation
\n\nText.Whitespace
functionKeyword.Declaration
 Text.Whitespace
isMapName.Otherboolean0.9616any0.0211complex0.0078number0.0041string0.0014
(Punctuation
xName.Otherany0.9858string0.0035number0.0032boolean0.0028complex0.0010
)Punctuation
 Text.Whitespace
{Punctuation
\n    Text.Whitespace
ifKeyword
 Text.Whitespace
(Punctuation
!Operator
mapSizeName.Otherboolean0.6282any0.3401string0.0157number0.0062complex0.0038
 Text.Whitespace
||Operator
 Text.Whitespace
!Operator
xName.Otherany0.9778boolean0.0102number0.0037complex0.0027string0.0025
 Text.Whitespace
||Operator
 Text.Whitespace
typeofOperator.Word
 Text.Whitespace
xName.Otherany0.9879number0.0037complex0.0025string0.0019boolean0.0013
 Text.Whitespace
!==Operator
 Text.Whitespace
'object'Literal.String.Single
)Punctuation
 Text.Whitespace
{Punctuation
\n        Text.Whitespace
returnKeyword
 Text.Whitespace
falseKeyword.Constant
;Punctuation
\n    Text.Whitespace
}Punctuation
\n    Text.Whitespace
tryKeyword
 Text.Whitespace
{Punctuation
\n        Text.Whitespace
mapSizeName.Otherany0.9447boolean0.0131void0.0090Function0.0078string0.0070
.Punctuation
callName.Otherany0.9915number0.0024void0.0014string0.0013complex0.0007
(Punctuation
xName.Otherany0.9718string0.0114number0.0040boolean0.0036{}0.0012
)Punctuation
;Punctuation
\n        Text.Whitespace
tryKeyword
 Text.Whitespace
{Punctuation
\n            Text.Whitespace
setSizeName.Otherany0.9488boolean0.0127void0.0096Function0.0092complex0.0063
.Punctuation
callName.Otherany0.9957number0.0009void0.0008complex0.0006string0.0004
(Punctuation
xName.Otherany0.9637string0.0096boolean0.0096number0.0036{}0.0032
)Punctuation
;Punctuation
\n        Text.Whitespace
}Punctuation
 Text.Whitespace
catchKeyword
 Text.Whitespace
(Punctuation
sName.Otherany0.9328string0.0542number0.0079String0.0015boolean0.0004
)Punctuation
 Text.Whitespace
{Punctuation
\n            Text.Whitespace
returnKeyword
 Text.Whitespace
trueKeyword.Constant
;Punctuation
\n        Text.Whitespace
}Punctuation
\n        Text.Whitespace
returnKeyword
 Text.Whitespace
xName.Otherany0.9807complex0.0065{}0.0032number0.0028string0.0026
 Text.Whitespace
instanceofOperator.Word
 Text.Whitespace
MapName.BuiltinMapConstructor0.4676any0.4354complex0.0100ErrorConstructor0.0066FunctionConstructor0.0060
;Punctuation
 Text.Whitespace
// core-js workaround, pre-v2.5.0Comment.Single
\n    Text.Whitespace
}Punctuation
 Text.Whitespace
catchKeyword
 Text.Whitespace
(Punctuation
eName.Otherany0.9995number0.0001string0.0001complex0.0001{}0.0000
)Punctuation
 Text.Whitespace
{Punctuation
}Punctuation
\n    Text.Whitespace
returnKeyword
 Text.Whitespace
falseKeyword.Constant
;Punctuation
\nText.Whitespace
}Punctuation
\n\nText.Whitespace
functionKeyword.Declaration
 Text.Whitespace
isWeakMapName.Otherboolean0.7518any0.1937string0.0315number0.0058complex0.0048
(Punctuation
xName.Otherany0.9647string0.0168number0.0061boolean0.0036Date0.0009
)Punctuation
 Text.Whitespace
{Punctuation
\n    Text.Whitespace
ifKeyword
 Text.Whitespace
(Punctuation
!Operator
weakMapHasName.Otherboolean0.6368any0.3290string0.0166complex0.0058number0.0042
 Text.Whitespace
||Operator
 Text.Whitespace
!Operator
xName.Otherany0.9788boolean0.0094string0.0030complex0.0029number0.0025
 Text.Whitespace
||Operator
 Text.Whitespace
typeofOperator.Word
 Text.Whitespace
xName.Otherany0.9869complex0.0037number0.0026string0.0020boolean0.0012
 Text.Whitespace
!==Operator
 Text.Whitespace
'object'Literal.String.Single
)Punctuation
 Text.Whitespace
{Punctuation
\n        Text.Whitespace
returnKeyword
 Text.Whitespace
falseKeyword.Constant
;Punctuation
\n    Text.Whitespace
}Punctuation
\n    Text.Whitespace
tryKeyword
 Text.Whitespace
{Punctuation
\n        Text.Whitespace
weakMapHasName.Otherany0.9315void0.0123boolean0.0108complex0.0106Function0.0087
.Punctuation
callName.Otherany0.9911number0.0020void0.0015string0.0013complex0.0008
(Punctuation
xName.Otherany0.9768string0.0099number0.0056boolean0.0013{}0.0012
,Punctuation
 Text.Whitespace
weakMapHasName.Otherany0.8176string0.0736boolean0.0547number0.0299void0.0041
)Punctuation
;Punctuation
\n        Text.Whitespace
tryKeyword
 Text.Whitespace
{Punctuation
\n            Text.Whitespace
weakSetHasName.Otherany0.9482boolean0.0139Function0.0102void0.0080complex0.0040
.Punctuation
callName.Otherany0.9945number0.0012void0.0010complex0.0007string0.0004
(Punctuation
xName.Otherany0.9715string0.0080number0.0053{}0.0027boolean0.0021
,Punctuation
 Text.Whitespace
weakSetHasName.Otherany0.7483string0.1175number0.0505boolean0.0424complex0.0148
)Punctuation
;Punctuation
\n        Text.Whitespace
}Punctuation
 Text.Whitespace
catchKeyword
 Text.Whitespace
(Punctuation
sName.Otherany0.9372string0.0521number0.0064String0.0008{}0.0003
)Punctuation
 Text.Whitespace
{Punctuation
\n            Text.Whitespace
returnKeyword
 Text.Whitespace
trueKeyword.Constant
;Punctuation
\n        Text.Whitespace
}Punctuation
\n        Text.Whitespace
returnKeyword
 Text.Whitespace
xName.Otherany0.9634complex0.0215{}0.0029number0.0025boolean0.0021
 Text.Whitespace
instanceofOperator.Word
 Text.Whitespace
WeakMapName.BuiltinWeakMapConstructor0.5118any0.2586complex0.0280FunctionConstructor0.0107ObjectConstructor0.0079
;Punctuation
 Text.Whitespace
// core-js workaround, pre-v2.5.0Comment.Single
\n    Text.Whitespace
}Punctuation
 Text.Whitespace
catchKeyword
 Text.Whitespace
(Punctuation
eName.Otherany0.9995string0.0001number0.0001complex0.0001Error0.0000
)Punctuation
 Text.Whitespace
{Punctuation
}Punctuation
\n    Text.Whitespace
returnKeyword
 Text.Whitespace
falseKeyword.Constant
;Punctuation
\nText.Whitespace
}Punctuation
\n\nText.Whitespace
functionKeyword.Declaration
 Text.Whitespace
isWeakRefName.Otherboolean0.8507any0.1081string0.0260number0.0048complex0.0028
(Punctuation
xName.Otherany0.9440string0.0302number0.0087boolean0.0061Date0.0015
)Punctuation
 Text.Whitespace
{Punctuation
\n    Text.Whitespace
ifKeyword
 Text.Whitespace
(Punctuation
!Operator
weakRefDerefName.Otherboolean0.7474any0.2242string0.0146complex0.0037number0.0035
 Text.Whitespace
||Operator
 Text.Whitespace
!Operator
xName.Otherany0.9681boolean0.0168string0.0042complex0.0032number0.0031
 Text.Whitespace
||Operator
 Text.Whitespace
typeofOperator.Word
 Text.Whitespace
xName.Otherany0.9824complex0.0050number0.0032string0.0029boolean0.0022
 Text.Whitespace
!==Operator
 Text.Whitespace
'object'Literal.String.Single
)Punctuation
 Text.Whitespace
{Punctuation
\n        Text.Whitespace
returnKeyword
 Text.Whitespace
falseKeyword.Constant
;Punctuation
\n    Text.Whitespace
}Punctuation
\n    Text.Whitespace
tryKeyword
 Text.Whitespace
{Punctuation
\n        Text.Whitespace
weakRefDerefName.Otherany0.8408boolean0.0912string0.0133void0.0133complex0.0112
.Punctuation
callName.Otherany0.9886number0.0028complex0.0020void0.0014string0.0011
(Punctuation
xName.Otherany0.9619string0.0114number0.0060boolean0.0056{}0.0039
)Punctuation
;Punctuation
\n        Text.Whitespace
returnKeyword
 Text.Whitespace
trueKeyword.Constant
;Punctuation
\n    Text.Whitespace
}Punctuation
 Text.Whitespace
catchKeyword
 Text.Whitespace
(Punctuation
eName.Otherany0.9994number0.0002string0.0001complex0.0001{}0.0000
)Punctuation
 Text.Whitespace
{Punctuation
}Punctuation
\n    Text.Whitespace
returnKeyword
 Text.Whitespace
falseKeyword.Constant
;Punctuation
\nText.Whitespace
}Punctuation
\n\nText.Whitespace
functionKeyword.Declaration
 Text.Whitespace
isSetName.Otherboolean0.9529any0.0300complex0.0039number0.0023false0.0017
(Punctuation
xName.Otherany0.9617string0.0103number0.0089boolean0.0086{}0.0011
)Punctuation
 Text.Whitespace
{Punctuation
\n    Text.Whitespace
ifKeyword
 Text.Whitespace
(Punctuation
!Operator
setSizeName.Otherany0.6087boolean0.3720complex0.0050number0.0042string0.0036
 Text.Whitespace
||Operator
 Text.Whitespace
!Operator
xName.Otherany0.9694boolean0.0168string0.0036number0.0032complex0.0030
 Text.Whitespace
||Operator
 Text.Whitespace
typeofOperator.Word
 Text.Whitespace
xName.Otherany0.9843complex0.0046number0.0028string0.0024boolean0.0018
 Text.Whitespace
!==Operator
 Text.Whitespace
'object'Literal.String.Single
)Punctuation
 Text.Whitespace
{Punctuation
\n        Text.Whitespace
returnKeyword
 Text.Whitespace
falseKeyword.Constant
;Punctuation
\n    Text.Whitespace
}Punctuation
\n    Text.Whitespace
tryKeyword
 Text.Whitespace
{Punctuation
\n        Text.Whitespace
setSizeName.Otherany0.8725void0.0344complex0.0235Function0.0226boolean0.0211
.Punctuation
callName.Otherany0.9922number0.0013string0.0011void0.0011Function0.0010
(Punctuation
xName.Otherany0.9670string0.0118boolean0.0043number0.0035{}0.0034
)Punctuation
;Punctuation
\n        Text.Whitespace
tryKeyword
 Text.Whitespace
{Punctuation
\n            Text.Whitespace
mapSizeName.Otherany0.9221boolean0.0334Function0.0138string0.0097void0.0064
.Punctuation
callName.Otherany0.9941number0.0013void0.0010complex0.0007string0.0006
(Punctuation
xName.Otherany0.9617string0.0109boolean0.0084{}0.0045number0.0031
)Punctuation
;Punctuation
\n        Text.Whitespace
}Punctuation
 Text.Whitespace
catchKeyword
 Text.Whitespace
(Punctuation
mName.Otherany0.9946number0.0018string0.0012complex0.0005any[]0.0004
)Punctuation
 Text.Whitespace
{Punctuation
\n            Text.Whitespace
returnKeyword
 Text.Whitespace
trueKeyword.Constant
;Punctuation
\n        Text.Whitespace
}Punctuation
\n        Text.Whitespace
returnKeyword
 Text.Whitespace
xName.Otherany0.9597complex0.0155{}0.0082number0.0029Object0.0029
 Text.Whitespace
instanceofOperator.Word
 Text.Whitespace
SetName.BuiltinSetConstructor0.8530any0.0940Set<any>0.0166{}0.0016Document0.0012
;Punctuation
 Text.Whitespace
// core-js workaround, pre-v2.5.0Comment.Single
\n    Text.Whitespace
}Punctuation
 Text.Whitespace
catchKeyword
 Text.Whitespace
(Punctuation
eName.Otherany0.9996complex0.0001number0.0001string0.0001Error0.0000
)Punctuation
 Text.Whitespace
{Punctuation
}Punctuation
\n    Text.Whitespace
returnKeyword
 Text.Whitespace
falseKeyword.Constant
;Punctuation
\nText.Whitespace
}Punctuation
\n\nText.Whitespace
functionKeyword.Declaration
 Text.Whitespace
isWeakSetName.Otherboolean0.8122any0.1396string0.0280number0.0056complex0.0051
(Punctuation
xName.Otherany0.9521string0.0173number0.0099boolean0.0064Date0.0015
)Punctuation
 Text.Whitespace
{Punctuation
\n    Text.Whitespace
ifKeyword
 Text.Whitespace
(Punctuation
!Operator
weakSetHasName.Otherboolean0.8018any0.1759string0.0090complex0.0047number0.0026
 Text.Whitespace
||Operator
 Text.Whitespace
!Operator
xName.Otherany0.9648boolean0.0202complex0.0041number0.0034string0.0031
 Text.Whitespace
||Operator
 Text.Whitespace
typeofOperator.Word
 Text.Whitespace
xName.Otherany0.9806complex0.0072number0.0033boolean0.0020string0.0020
 Text.Whitespace
!==Operator
 Text.Whitespace
'object'Literal.String.Single
)Punctuation
 Text.Whitespace
{Punctuation
\n        Text.Whitespace
returnKeyword
 Text.Whitespace
falseKeyword.Constant
;Punctuation
\n    Text.Whitespace
}Punctuation
\n    Text.Whitespace
tryKeyword
 Text.Whitespace
{Punctuation
\n        Text.Whitespace
weakSetHasName.Otherany0.9047boolean0.0206void0.0182complex0.0167Function0.0125
.Punctuation
callName.Otherany0.9890number0.0025void0.0021string0.0014complex0.0012
(Punctuation
xName.Otherany0.9766string0.0078number0.0061boolean0.0017{}0.0011
,Punctuation
 Text.Whitespace
weakSetHasName.Otherany0.7801boolean0.0843string0.0653number0.0368void0.0064
)Punctuation
;Punctuation
\n        Text.Whitespace
tryKeyword
 Text.Whitespace
{Punctuation
\n            Text.Whitespace
weakMapHasName.Otherany0.9262boolean0.0251Function0.0122void0.0117complex0.0080
.Punctuation
callName.Otherany0.9926void0.0018number0.0014complex0.0013boolean0.0005
(Punctuation
xName.Otherany0.9711string0.0051number0.0047boolean0.0031{}0.0027
,Punctuation
 Text.Whitespace
weakMapHasName.Otherany0.6851string0.1185boolean0.0815number0.0571complex0.0253
)Punctuation
;Punctuation
\n        Text.Whitespace
}Punctuation
 Text.Whitespace
catchKeyword
 Text.Whitespace
(Punctuation
sName.Otherany0.9305string0.0576number0.0068String0.0008boolean0.0005
)Punctuation
 Text.Whitespace
{Punctuation
\n            Text.Whitespace
returnKeyword
 Text.Whitespace
trueKeyword.Constant
;Punctuation
\n        Text.Whitespace
}Punctuation
\n        Text.Whitespace
returnKeyword
 Text.Whitespace
xName.Otherany0.9721complex0.0063{}0.0053boolean0.0043number0.0039
 Text.Whitespace
instanceofOperator.Word
 Text.Whitespace
WeakSetName.Builtinany0.9892number0.0028string0.0023boolean0.0023complex0.0016
;Punctuation
 Text.Whitespace
// core-js workaround, pre-v2.5.0Comment.Single
\n    Text.Whitespace
}Punctuation
 Text.Whitespace
catchKeyword
 Text.Whitespace
(Punctuation
eName.Otherany0.9995complex0.0001string0.0001number0.0001Error0.0000
)Punctuation
 Text.Whitespace
{Punctuation
}Punctuation
\n    Text.Whitespace
returnKeyword
 Text.Whitespace
falseKeyword.Constant
;Punctuation
\nText.Whitespace
}Punctuation
\n\nText.Whitespace
functionKeyword.Declaration
 Text.Whitespace
isElementName.Otherboolean0.8573any0.1067string0.0214number0.0047complex0.0030
(Punctuation
xName.Otherany0.9545string0.0184number0.0075boolean0.0058Date0.0017
)Punctuation
 Text.Whitespace
{Punctuation
\n    Text.Whitespace
ifKeyword
 Text.Whitespace
(Punctuation
!Operator
xName.Otherany0.9707boolean0.0148number0.0037string0.0035complex0.0024
 Text.Whitespace
||Operator
 Text.Whitespace
typeofOperator.Word
 Text.Whitespace
xName.Otherany0.9834complex0.0040number0.0037boolean0.0027string0.0025
 Text.Whitespace
!==Operator
 Text.Whitespace
'object'Literal.String.Single
)Punctuation
 Text.Whitespace
{Punctuation
 Text.Whitespace
returnKeyword
 Text.Whitespace
falseKeyword.Constant
;Punctuation
 Text.Whitespace
}Punctuation
\n    Text.Whitespace
ifKeyword
 Text.Whitespace
(Punctuation
typeofOperator.Word
 Text.Whitespace
HTMLElementName.Othercomplex0.9772any0.0209Object0.0003HTMLElement0.0002string0.0002
 Text.Whitespace
!==Operator
 Text.Whitespace
'undefined'Literal.String.Single
 Text.Whitespace
&&Operator
 Text.Whitespace
xName.Otherany0.9392complex0.0287boolean0.0081string0.0039HTMLElement0.0034
 Text.Whitespace
instanceofOperator.Word
 Text.Whitespace
HTMLElementName.Othercomplex0.9724any0.0238HTMLElement0.0016number0.0004Object0.0003
)Punctuation
 Text.Whitespace
{Punctuation
\n        Text.Whitespace
returnKeyword
 Text.Whitespace
trueKeyword.Constant
;Punctuation
\n    Text.Whitespace
}Punctuation
\n    Text.Whitespace
returnKeyword
 Text.Whitespace
typeofOperator.Word
 Text.Whitespace
xName.Otherany0.9009complex0.0480HTMLElement0.0147T0.0038Node0.0033
.Punctuation
nodeNameName.Otherany0.6018string0.3512complex0.0217number0.0188void0.0010
 Text.Whitespace
===Operator
 Text.Whitespace
'string'Literal.String.Single
 Text.Whitespace
&&Operator
 Text.Whitespace
typeofOperator.Word
 Text.Whitespace
xName.Otherany0.8083complex0.1491T0.0056HTMLElement0.0046Node0.0034
.Punctuation
getAttributeName.Otherstring0.6467any0.2955complex0.0481number0.0048boolean0.0026
 Text.Whitespace
===Operator
 Text.Whitespace
'function'Literal.String.Single
;Punctuation
\nText.Whitespace
}Punctuation
\n\nText.Whitespace
functionKeyword.Declaration
 Text.Whitespace
inspectStringName.Otherstring0.7590any0.1721boolean0.0313number0.0204complex0.0059
(Punctuation
strName.Otherstring0.7114any0.2799number0.0047complex0.0023boolean0.0003
,Punctuation
 Text.Whitespace
optsName.Otherany0.4779Options0.0493complex0.0184number0.0146Date0.0116
)Punctuation
 Text.Whitespace
{Punctuation
\n    Text.Whitespace
ifKeyword
 Text.Whitespace
(Punctuation
strName.Otherstring0.8732any0.1160number0.0029complex0.0027string[]0.0025
.Punctuation
lengthName.Othernumber0.9664any0.0313string0.0010complex0.0008boolean0.0003
 Text.Whitespace
>Operator
 Text.Whitespace
optsName.Otherany0.4950complex0.1338Options0.0358number0.0320Date0.0091
.Punctuation
maxStringLengthName.Othernumber0.5808any0.1793string0.1633boolean0.0447complex0.0213
)Punctuation
 Text.Whitespace
{Punctuation
\n        Text.Whitespace
varKeyword.Declaration
 Text.Whitespace
remainingName.Othernumber0.9388any0.0292string0.0278complex0.0014boolean0.0010
 Text.Whitespace
=Operator
 Text.Whitespace
strName.Otherstring0.8639any0.1170complex0.0068number0.0062string[]0.0033
.Punctuation
lengthName.Othernumber0.9295any0.0675complex0.0012string0.0012boolean0.0002
 Text.Whitespace
-Operator
 Text.Whitespace
optsName.Othercomplex0.4248any0.3641number0.0919Date0.0072Options0.0056
.Punctuation
maxStringLengthName.Othernumber0.5282string0.2543any0.1801complex0.0157boolean0.0153
;Punctuation
\n        Text.Whitespace
varKeyword.Declaration
 Text.Whitespace
trailerName.Otherstring0.9760any0.0178number0.0018boolean0.0014RegExp0.0012
 Text.Whitespace
=Operator
 Text.Whitespace
'... 'Literal.String.Single
 Text.Whitespace
+Operator
 Text.Whitespace
remainingName.Othernumber0.8613string0.0976any0.0384complex0.0013boolean0.0004
 Text.Whitespace
+Operator
 Text.Whitespace
' more character'Literal.String.Single
 Text.Whitespace
+Operator
 Text.Whitespace
(Punctuation
remainingName.Othernumber0.9631string0.0189any0.0164boolean0.0008complex0.0002
 Text.Whitespace
>Operator
 Text.Whitespace
1Literal.Number.Float
 Text.Whitespace
?Operator
 Text.Whitespace
's'Literal.String.Single
 Text.Whitespace
:Operator
 Text.Whitespace
''Literal.String.Single
)Punctuation
;Punctuation
\n        Text.Whitespace
returnKeyword
 Text.Whitespace
inspectStringName.Otherany0.3345boolean0.2042string0.1737number0.0761any[]0.0551
(Punctuation
$sliceName.Other
.Punctuation
callName.Otherany0.9526complex0.0182number0.0123string0.0089T0.0013
(Punctuation
strName.Otherstring0.7501any0.2265complex0.0135number0.0077void0.0002
,Punctuation
 Text.Whitespace
0Literal.Number.Float
,Punctuation
 Text.Whitespace
optsName.Otherany0.5871complex0.2096number0.0279Options0.0146Object0.0096
.Punctuation
maxStringLengthName.Otherstring0.3952number0.3576any0.1825complex0.0306boolean0.0157
)Punctuation
,Punctuation
 Text.Whitespace
optsName.Otherany0.6972complex0.0717{}0.0244number0.0203Object0.0185
)Punctuation
 Text.Whitespace
+Operator
 Text.Whitespace
trailerName.Otherstring0.4520any0.4011number0.1307boolean0.0114complex0.0018
;Punctuation
\n    Text.Whitespace
}Punctuation
\n    Text.Whitespace
// eslint-disable-next-line no-control-regexComment.Single
\n    Text.Whitespace
varKeyword.Declaration
 Text.Whitespace
sName.Otherany0.7371string0.2497number0.0082boolean0.0007void0.0007
 Text.Whitespace
=Operator
 Text.Whitespace
$replaceName.Other
.Punctuation
callName.Otherany0.9923string0.0019complex0.0018number0.0015void0.0005
(Punctuation
$replaceName.Other
.Punctuation
callName.Otherany0.9897complex0.0031string0.0025number0.0019void0.0006
(Punctuation
strName.Otherany0.5369string0.4540complex0.0050number0.0029void0.0002
,Punctuation
 Text.Whitespace
/(['\\])/gLiteral.String.Regex
,Punctuation
 Text.Whitespace
'\\$1'Literal.String.Single
)Punctuation
,Punctuation
 Text.Whitespace
/[\x00-\x1f]/gLiteral.String.Regex
,Punctuation
 Text.Whitespace
lowbyteName.Otherany0.6283number0.1682string0.1222void0.0409boolean0.0296
)Punctuation
;Punctuation
\n    Text.Whitespace
returnKeyword
 Text.Whitespace
wrapQuotesName.Otherany0.5868string0.1785boolean0.0662void0.0445number0.0376
(Punctuation
sName.Otherany0.6562string0.3234number0.0120complex0.0008String0.0007
,Punctuation
 Text.Whitespace
'single'Literal.String.Single
,Punctuation
 Text.Whitespace
optsName.Otherany0.8620complex0.0309{}0.0156Options0.0137number0.0085
)Punctuation
;Punctuation
\nText.Whitespace
}Punctuation
\n\nText.Whitespace
functionKeyword.Declaration
 Text.Whitespace
lowbyteName.Otherstring0.4424any0.3371number0.1154boolean0.0663void0.0189
(Punctuation
cName.Otherstring0.7000any0.2640number0.0280Date0.0010complex0.0007
)Punctuation
 Text.Whitespace
{Punctuation
\n    Text.Whitespace
varKeyword.Declaration
 Text.Whitespace
nName.Othernumber0.9045any0.0819string0.0126boolean0.0006complex0.0001
 Text.Whitespace
=Operator
 Text.Whitespace
cName.Otherstring0.7962any0.1662number0.0341string[]0.0008boolean0.0004
.Punctuation
charCodeAtName.Othernumber0.7950any0.2003string0.0021complex0.0009boolean0.0008
(Punctuation
0Literal.Number.Float
)Punctuation
;Punctuation
\n    Text.Whitespace
varKeyword.Declaration
 Text.Whitespace
xName.Otherany0.7044complex0.2617number0.0182string0.0032{}0.0028
 Text.Whitespace
=Operator
 Text.Whitespace
{Punctuation
\n        Text.Whitespace
8Literal.Number.Float
:Operator
 Text.Whitespace
'b'Literal.String.Single
,Punctuation
\n        Text.Whitespace
9Literal.Number.Float
:Operator
 Text.Whitespace
't'Literal.String.Single
,Punctuation
\n        Text.Whitespace
10Literal.Number.Float
:Operator
 Text.Whitespace
'n'Literal.String.Single
,Punctuation
\n        Text.Whitespace
12Literal.Number.Float
:Operator
 Text.Whitespace
'f'Literal.String.Single
,Punctuation
\n        Text.Whitespace
13Literal.Number.Float
:Operator
 Text.Whitespace
'r'Literal.String.Single
\n    Text.Whitespace
}Punctuation
[Punctuation
nName.Othernumber0.9427any0.0336string0.0223complex0.0004boolean0.0002
]Punctuation
;Punctuation
\n    Text.Whitespace
ifKeyword
 Text.Whitespace
(Punctuation
xName.Otherany0.9104number0.0364string0.0343boolean0.0112complex0.0022
)Punctuation
 Text.Whitespace
{Punctuation
 Text.Whitespace
returnKeyword
 Text.Whitespace
'\\'Literal.String.Single
 Text.Whitespace
+Operator
 Text.Whitespace
xName.Otherany0.8278string0.0868number0.0742boolean0.0035complex0.0035
;Punctuation
 Text.Whitespace
}Punctuation
\n    Text.Whitespace
returnKeyword
 Text.Whitespace
'\\x'Literal.String.Single
 Text.Whitespace
+Operator
 Text.Whitespace
(Punctuation
nName.Othernumber0.8987any0.0915string0.0076boolean0.0012void0.0003
 Text.Whitespace
<Operator
 Text.Whitespace
0x10Literal.Number.Hex
 Text.Whitespace
?Operator
 Text.Whitespace
'0'Literal.String.Single
 Text.Whitespace
:Operator
 Text.Whitespace
''Literal.String.Single
)Punctuation
 Text.Whitespace
+Operator
 Text.Whitespace
$toUpperCaseName.Other
.Punctuation
callName.Otherany0.9827number0.0058complex0.0046string0.0023void0.0014
(Punctuation
nName.Othernumber0.7027any0.2782string0.0157complex0.0011boolean0.0006
.Punctuation
toStringName.Otherany0.9061string0.0837complex0.0078number0.0014void0.0001
(Punctuation
16Literal.Number.Float
)Punctuation
)Punctuation
;Punctuation
\nText.Whitespace
}Punctuation
\n\nText.Whitespace
functionKeyword.Declaration
 Text.Whitespace
markBoxedName.Otherstring0.8675any0.0880boolean0.0229number0.0176complex0.0017
(Punctuation
strName.Otherstring0.4985any0.4890number0.0063complex0.0038Date0.0005
)Punctuation
 Text.Whitespace
{Punctuation
\n    Text.Whitespace
returnKeyword
 Text.Whitespace
'Object('Literal.String.Single
 Text.Whitespace
+Operator
 Text.Whitespace
strName.Otherstring0.6511any0.3378number0.0062complex0.0039boolean0.0003
 Text.Whitespace
+Operator
 Text.Whitespace
')'Literal.String.Single
;Punctuation
\nText.Whitespace
}Punctuation
\n\nText.Whitespace
functionKeyword.Declaration
 Text.Whitespace
weakCollectionOfName.Otherstring0.9104any0.0505boolean0.0250number0.0099complex0.0016
(Punctuation
typeKeyword.Reserved
)Punctuation
 Text.Whitespace
{Punctuation
\n    Text.Whitespace
returnKeyword
 Text.Whitespace
typeKeyword.Reserved
 Text.Whitespace
+Operator
 Text.Whitespace
' { ? }'Literal.String.Single
;Punctuation
\nText.Whitespace
}Punctuation
\n\nText.Whitespace
functionKeyword.Declaration
 Text.Whitespace
collectionOfName.Otherstring0.4343any0.4087boolean0.0913number0.0343complex0.0110
(Punctuation
typeKeyword.Reserved
,Punctuation
 Text.Whitespace
sizeName.Othernumber0.5025any0.3601string0.1345complex0.0009boolean0.0006
,Punctuation
 Text.Whitespace
entriesName.Otherany0.6948number0.2144string0.0779boolean0.0018any[]0.0016
,Punctuation
 Text.Whitespace
indentName.Othernumber0.7149string0.2336any0.0464boolean0.0013complex0.0010
)Punctuation
 Text.Whitespace
{Punctuation
\n    Text.Whitespace
varKeyword.Declaration
 Text.Whitespace
joinedEntriesName.Otherstring0.4696any0.3633number0.0845boolean0.0711complex0.0050
 Text.Whitespace
=Operator
 Text.Whitespace
indentName.Othernumber0.4897string0.4147any0.0739boolean0.0120complex0.0055
 Text.Whitespace
?Operator
 Text.Whitespace
indentedJoinName.Otherstring0.5358number0.2560any0.1712boolean0.0212complex0.0064
(Punctuation
entriesName.Otherany0.4910number0.4075string0.0805complex0.0046any[]0.0042
,Punctuation
 Text.Whitespace
indentName.Othernumber0.7424string0.1863any0.0664complex0.0017boolean0.0007
)Punctuation
 Text.Whitespace
:Operator
 Text.Whitespace
$joinName.Other
.Punctuation
callName.Otherany0.9804number0.0067string0.0054complex0.0040void0.0010
(Punctuation
entriesName.Otherany0.7122number0.2174string0.0329complex0.0177boolean0.0027
,Punctuation
 Text.Whitespace
', 'Literal.String.Single
)Punctuation
;Punctuation
\n    Text.Whitespace
returnKeyword
 Text.Whitespace
typeKeyword.Reserved
 Text.Whitespace
+Operator
 Text.Whitespace
' ('Literal.String.Single
 Text.Whitespace
+Operator
 Text.Whitespace
sizeName.Othernumber0.4789any0.3459string0.1713complex0.0024boolean0.0007
 Text.Whitespace
+Operator
 Text.Whitespace
') {'Literal.String.Single
 Text.Whitespace
+Operator
 Text.Whitespace
joinedEntriesName.Othernumber0.3883string0.3391any0.2645boolean0.0049complex0.0015
 Text.Whitespace
+Operator
 Text.Whitespace
'}'Literal.String.Single
;Punctuation
\nText.Whitespace
}Punctuation
\n\nText.Whitespace
functionKeyword.Declaration
 Text.Whitespace
singleLineValuesName.Otherboolean0.8952string0.0331any0.0297number0.0208complex0.0088
(Punctuation
xsName.Otherany0.4970string0.0881any[]0.0551number[]0.0434string[]0.0329
)Punctuation
 Text.Whitespace
{Punctuation
\n    Text.Whitespace
forKeyword
 Text.Whitespace
(Punctuation
varKeyword.Declaration
 Text.Whitespace
iName.Othernumber0.9948any0.0042string0.0005boolean0.0002complex0.0001
 Text.Whitespace
=Operator
 Text.Whitespace
0Literal.Number.Float
;Punctuation
 Text.Whitespace
iName.Othernumber0.9895any0.0093string0.0007boolean0.0002complex0.0001
 Text.Whitespace
<Operator
 Text.Whitespace
xsName.Otherstring[]0.3186any0.2107any[]0.1381number[]0.0733string0.0483
.Punctuation
lengthName.Othernumber0.9109any0.0868string0.0011complex0.0005boolean0.0003
;Punctuation
 Text.Whitespace
iName.Othernumber0.9829any0.0159string0.0007boolean0.0003complex0.0001
++Operator
)Punctuation
 Text.Whitespace
{Punctuation
\n        Text.Whitespace
ifKeyword
 Text.Whitespace
(Punctuation
indexOfName.Othernumber0.9688any0.0288string0.0008boolean0.0007void0.0003
(Punctuation
xsName.Otherany0.2860number[]0.1293any[]0.1169string[]0.0846complex0.0326
[Punctuation
iName.Othernumber0.9850any0.0106string0.0037boolean0.0003complex0.0001
]Punctuation
,Punctuation
 Text.Whitespace
'\n'Literal.String.Single
)Punctuation
 Text.Whitespace
>=Operator
 Text.Whitespace
0Literal.Number.Float
)Punctuation
 Text.Whitespace
{Punctuation
\n            Text.Whitespace
returnKeyword
 Text.Whitespace
falseKeyword.Constant
;Punctuation
\n        Text.Whitespace
}Punctuation
\n    Text.Whitespace
}Punctuation
\n    Text.Whitespace
returnKeyword
 Text.Whitespace
trueKeyword.Constant
;Punctuation
\nText.Whitespace
}Punctuation
\n\nText.Whitespace
functionKeyword.Declaration
 Text.Whitespace
getIndentName.Otherstring0.9707any0.0213number0.0041void0.0015complex0.0011
(Punctuation
optsName.Otherany0.5184Options0.0350number0.0159Date0.0148Object0.0107
,Punctuation
 Text.Whitespace
depthName.Othernumber0.9812any0.0152string0.0029boolean0.0002complex0.0001
)Punctuation
 Text.Whitespace
{Punctuation
\n    Text.Whitespace
varKeyword.Declaration
 Text.Whitespace
baseIndentName.Otherany0.5161string0.3148boolean0.0828number0.0541void0.0179
;Punctuation
\n    Text.Whitespace
ifKeyword
 Text.Whitespace
(Punctuation
optsName.Otherany0.7785complex0.0358Options0.0228number0.0090Object0.0060
.Punctuation
indentName.Otherstring0.5368any0.3502number0.0893complex0.0200boolean0.0016
 Text.Whitespace
===Operator
 Text.Whitespace
'\t'Literal.String.Single
)Punctuation
 Text.Whitespace
{Punctuation
\n        Text.Whitespace
baseIndentName.Otherstring0.9230any0.0611boolean0.0048RegExp0.0045number0.0035
 Text.Whitespace
=Operator
 Text.Whitespace
'\t'Literal.String.Single
;Punctuation
\n    Text.Whitespace
}Punctuation
 Text.Whitespace
elseKeyword
 Text.Whitespace
ifKeyword
 Text.Whitespace
(Punctuation
typeofOperator.Word
 Text.Whitespace
optsName.Otherany0.8156complex0.0455Options0.0109number0.0093{}0.0040
.Punctuation
indentName.Otherstring0.4723any0.3617number0.1340complex0.0256boolean0.0025
 Text.Whitespace
===Operator
 Text.Whitespace
'number'Literal.String.Single
 Text.Whitespace
&&Operator
 Text.Whitespace
optsName.Otherany0.6138complex0.0562number0.0423Options0.0206{}0.0112
.Punctuation
indentName.Othernumber0.8937any0.0652string0.0380complex0.0016boolean0.0010
 Text.Whitespace
>Operator
 Text.Whitespace
0Literal.Number.Float
)Punctuation
 Text.Whitespace
{Punctuation
\n        Text.Whitespace
baseIndentName.Otherany0.7432string0.1526number0.0542boolean0.0265void0.0080
 Text.Whitespace
=Operator
 Text.Whitespace
$joinName.Other
.Punctuation
callName.Otherany0.9778complex0.0092number0.0048string0.0041any[]0.0008
(Punctuation
ArrayName.BuiltinArrayConstructor0.9977any0.0002Math0.0001complex0.0001ObjectConstructor0.0001
(Punctuation
optsName.Otherany0.4868complex0.3997number0.0212Options0.0086{}0.0060
.Punctuation
indentName.Othernumber0.7821any0.1522string0.0568complex0.0074boolean0.0003
 Text.Whitespace
+Operator
 Text.Whitespace
1Literal.Number.Float
)Punctuation
,Punctuation
 Text.Whitespace
' 'Literal.String.Single
)Punctuation
;Punctuation
\n    Text.Whitespace
}Punctuation
 Text.Whitespace
elseKeyword
 Text.Whitespace
{Punctuation
\n        Text.Whitespace
returnKeyword
 Text.Whitespace
nullKeyword.Constant
;Punctuation
\n    Text.Whitespace
}Punctuation
\n    Text.Whitespace
returnKeyword
 Text.Whitespace
{Punctuation
\n        Text.Whitespace
baseName.Otherstring0.3232any0.2650any[]0.2236number0.0548number[]0.0399
:Operator
 Text.Whitespace
baseIndentKeyword.Typestring0.4996any0.2430number0.0681any[]0.0577string[]0.0443
,Punctuation
\n        Text.Whitespace
prevName.Otherany0.5593string0.2395number0.1218any[]0.0205complex0.0117
:Operator
 Text.Whitespace
$join.callKeyword.Type
(Punctuation
ArrayName.BuiltinArrayConstructor0.9990Math0.0001any[]0.0001T[]0.0000any0.0000
(Punctuation
depthName.Othernumber0.9558any0.0415string0.0012complex0.0008boolean0.0002
 Text.Whitespace
+Operator
 Text.Whitespace
1Literal.Number.Float
)Punctuation
,Punctuation
 Text.Whitespace
baseIndentName.Othernumber0.5156any0.2530string0.0990boolean0.0591complex0.0291
)Punctuation
\n    Text.Whitespace
}Punctuation
;Punctuation
\nText.Whitespace
}Punctuation
\n\nText.Whitespace
functionKeyword.Declaration
 Text.Whitespace
indentedJoinName.Otherstring0.6410any0.2180number0.0415boolean0.0385complex0.0255
(Punctuation
xsName.Otherany0.4095string0.2184any[]0.0560string[]0.0361number[]0.0231
,Punctuation
 Text.Whitespace
indentName.Othernumber0.6898string0.2572any0.0407complex0.0028boolean0.0015
)Punctuation
 Text.Whitespace
{Punctuation
\n    Text.Whitespace
ifKeyword
 Text.Whitespace
(Punctuation
xsName.Otherstring[]0.3232any[]0.1909any0.1380number[]0.1258string0.0685
.Punctuation
lengthName.Othernumber0.9673any0.0303string0.0015complex0.0006boolean0.0001
 Text.Whitespace
===Operator
 Text.Whitespace
0Literal.Number.Float
)Punctuation
 Text.Whitespace
{Punctuation
 Text.Whitespace
returnKeyword
 Text.Whitespace
''Literal.String.Single
;Punctuation
 Text.Whitespace
}Punctuation
\n    Text.Whitespace
varKeyword.Declaration
 Text.Whitespace
lineJoinerName.Otherstring0.9681any0.0231number0.0022RegExp0.0022boolean0.0017
 Text.Whitespace
=Operator
 Text.Whitespace
'\n'Literal.String.Single
 Text.Whitespace
+Operator
 Text.Whitespace
indentName.Otherany0.3478string0.2897number0.2314complex0.1032Date0.0047
.Punctuation
prevName.Othernumber0.7675string0.1976any0.0300complex0.0016boolean0.0009
 Text.Whitespace
+Operator
 Text.Whitespace
indentName.Othercomplex0.5097any0.2396string0.1014number0.0510Date0.0057
.Punctuation
baseName.Otherstring0.7162number0.1646any0.0961any[]0.0036complex0.0035
;Punctuation
\n    Text.Whitespace
returnKeyword
 Text.Whitespace
lineJoinerName.Otherstring0.3709number0.3688any0.2490boolean0.0066complex0.0017
 Text.Whitespace
+Operator
 Text.Whitespace
$joinName.Other
.Punctuation
callName.Otherany0.9661complex0.0136number0.0094string0.0055void0.0010
(Punctuation
xsName.Otherstring0.3435any0.3095number[]0.0669number0.0404string[]0.0383
,Punctuation
 Text.Whitespace
','Literal.String.Single
 Text.Whitespace
+Operator
 Text.Whitespace
lineJoinerName.Otherstring0.4590number0.3751any0.1366boolean0.0100complex0.0086
)Punctuation
 Text.Whitespace
+Operator
 Text.Whitespace
'\n'Literal.String.Single
 Text.Whitespace
+Operator
 Text.Whitespace
indentName.Otherany0.5224number0.2189string0.1792complex0.0422Object0.0034
.Punctuation
prevName.Othernumber0.5524string0.2775any0.1331boolean0.0208void0.0041
;Punctuation
\nText.Whitespace
}Punctuation
\n\nText.Whitespace
functionKeyword.Declaration
 Text.Whitespace
arrObjKeysName.Otherany0.4130string0.1843void0.1517boolean0.1402complex0.0364
(Punctuation
objName.Otherany0.9047string0.0343Object0.0146object0.0082number0.0079
,Punctuation
 Text.Whitespace
inspectName.Otherstring0.7630any0.2226complex0.0100boolean0.0012number0.0011
)Punctuation
 Text.Whitespace
{Punctuation
\n    Text.Whitespace
varKeyword.Declaration
 Text.Whitespace
isArrName.Otherboolean0.6082any0.3198string0.0429number0.0090Function0.0043
 Text.Whitespace
=Operator
 Text.Whitespace
isArrayName.Otherboolean0.5940complex0.2427any0.1152void0.0071any[]0.0061
(Punctuation
objName.Otherany0.9670complex0.0064Object0.0050string0.0039{}0.0030
)Punctuation
;Punctuation
\n    Text.Whitespace
varKeyword.Declaration
 Text.Whitespace
xsName.Otherany[]0.8900number[]0.0233any0.0217string[]0.0076complex0.0066
 Text.Whitespace
=Operator
 Text.Whitespace
[Punctuation
]Punctuation
;Punctuation
\n    Text.Whitespace
ifKeyword
 Text.Whitespace
(Punctuation
isArrName.Otherany0.5403boolean0.3284string0.0540number0.0359any[]0.0195
)Punctuation
 Text.Whitespace
{Punctuation
\n        Text.Whitespace
xsName.Otherany[]0.5102any0.2979number[]0.0720string[]0.0403complex0.0125
.Punctuation
lengthName.Othernumber0.7907any0.2049string0.0015complex0.0010boolean0.0005
 Text.Whitespace
=Operator
 Text.Whitespace
objName.Otherany0.8506any[]0.0762complex0.0160string0.0104number0.0099
.Punctuation
lengthName.Otherany0.7382number0.2578complex0.0015string0.0011any[]0.0004
;Punctuation
\n        Text.Whitespace
forKeyword
 Text.Whitespace
(Punctuation
varKeyword.Declaration
 Text.Whitespace
iName.Othernumber0.9895any0.0096string0.0004boolean0.0001complex0.0001
 Text.Whitespace
=Operator
 Text.Whitespace
0Literal.Number.Float
;Punctuation
 Text.Whitespace
iName.Othernumber0.9698any0.0288string0.0006boolean0.0003void0.0001
 Text.Whitespace
<Operator
 Text.Whitespace
objName.Otherany0.9252any[]0.0357string0.0059complex0.0055Object0.0040
.Punctuation
lengthName.Otherany0.6418number0.3559string0.0008complex0.0006void0.0003
;Punctuation
 Text.Whitespace
iName.Othernumber0.9709any0.0281string0.0006boolean0.0002void0.0001
++Operator
)Punctuation
 Text.Whitespace
{Punctuation
\n            Text.Whitespace
xsName.Otherany0.4130any[]0.3899number[]0.0545complex0.0337{}0.0228
[Punctuation
iName.Othernumber0.9633any0.0297string0.0060boolean0.0003complex0.0002
]Punctuation
 Text.Whitespace
=Operator
 Text.Whitespace
hasName.Otherboolean0.5686any0.3277{}0.0513complex0.0153number0.0087
(Punctuation
objName.Otherany0.9423string0.0128number0.0118{}0.0096Object0.0054
,Punctuation
 Text.Whitespace
iName.Othernumber0.9289any0.0648string0.0042boolean0.0013complex0.0002
)Punctuation
 Text.Whitespace
?Operator
 Text.Whitespace
inspectName.Otherany0.7139string0.1964complex0.0822number0.0017any[]0.0011
(Punctuation
objName.Otherany0.9290any[]0.0262string0.0107complex0.0075{}0.0070
[Punctuation
iName.Othernumber0.9105any0.0456string0.0419complex0.0004boolean0.0003
]Punctuation
,Punctuation
 Text.Whitespace
objName.Otherany0.9302string0.0229{}0.0095Object0.0082number0.0079
)Punctuation
 Text.Whitespace
:Operator
 Text.Whitespace
''Literal.String.Single
;Punctuation
\n        Text.Whitespace
}Punctuation
\n    Text.Whitespace
}Punctuation
\n    Text.Whitespace
varKeyword.Declaration
 Text.Whitespace
symsName.Otherany0.7247boolean0.1539string0.0689any[]0.0141number0.0137
 Text.Whitespace
=Operator
 Text.Whitespace
typeofOperator.Word
 Text.Whitespace
gOPSName.Otherany0.7109complex0.1674any[]0.0349string0.0313boolean0.0201
 Text.Whitespace
===Operator
 Text.Whitespace
'function'Literal.String.Single
 Text.Whitespace
?Operator
 Text.Whitespace
gOPSName.Otherany[]0.4852any0.3060complex0.0858string[]0.0371{}0.0192
(Punctuation
objName.Otherany0.9331{}0.0108string0.0096number0.0094any[]0.0081
)Punctuation
 Text.Whitespace
:Operator
 Text.Whitespace
[Punctuation
]Punctuation
;Punctuation
\n    Text.Whitespace
varKeyword.Declaration
 Text.Whitespace
symMapName.Otherany0.8764boolean0.0389number0.0361string0.0165void0.0097
;Punctuation
\n    Text.Whitespace
ifKeyword
 Text.Whitespace
(Punctuation
hasShammedSymbolsName.Otherboolean0.5929any0.3373string0.0207number0.0194{}0.0112
)Punctuation
 Text.Whitespace
{Punctuation
\n        Text.Whitespace
symMapName.Other{}0.6905any0.2573any[]0.0131complex0.0091boolean0.0076
 Text.Whitespace
=Operator
 Text.Whitespace
{Punctuation
}Punctuation
;Punctuation
\n        Text.Whitespace
forKeyword
 Text.Whitespace
(Punctuation
varKeyword.Declaration
 Text.Whitespace
kName.Othernumber0.9918any0.0071string0.0007complex0.0001boolean0.0001
 Text.Whitespace
=Operator
 Text.Whitespace
0Literal.Number.Float
;Punctuation
 Text.Whitespace
kName.Othernumber0.9428any0.0503string0.0051void0.0005complex0.0004
 Text.Whitespace
<Operator
 Text.Whitespace
symsName.Otherany0.3934any[]0.3193string[]0.1853string0.0372number[]0.0210
.Punctuation
lengthName.Othernumber0.8859any0.1126string0.0007complex0.0003boolean0.0002
;Punctuation
 Text.Whitespace
kName.Othernumber0.9567any0.0407string0.0018complex0.0002void0.0002
++Operator
)Punctuation
 Text.Whitespace
{Punctuation
\n            Text.Whitespace
symMapName.Otherany0.5574{}0.3546complex0.0260any[]0.0242Object0.0047
[Punctuation
'$'Literal.String.Single
 Text.Whitespace
+Operator
 Text.Whitespace
symsName.Otherany0.5621{}0.2610complex0.1233any[]0.0231number0.0078
[Punctuation
kName.Othernumber0.6649any0.2195string0.1095complex0.0034{}0.0010
]Punctuation
]Punctuation
 Text.Whitespace
=Operator
 Text.Whitespace
symsName.Otherany0.5736{}0.2360complex0.1075any[]0.0602number0.0029
[Punctuation
kName.Othernumber0.7353any0.1522string0.1057complex0.0028void0.0014
]Punctuation
;Punctuation
\n        Text.Whitespace
}Punctuation
\n    Text.Whitespace
}Punctuation
\n\n    Text.Whitespace
forKeyword
 Text.Whitespace
(Punctuation
varKeyword.Declaration
 Text.Whitespace
keyName.Otherstring0.9400any0.0544number0.0025complex0.0022boolean0.0002
 Text.Whitespace
inOperator.Word
 Text.Whitespace
objName.Otherany0.8539{}0.0618complex0.0288Object0.0230object0.0088
)Punctuation
 Text.Whitespace
{Punctuation
 Text.Whitespace
// eslint-disable-line no-restricted-syntaxComment.Single
\n        Text.Whitespace
ifKeyword
 Text.Whitespace
(Punctuation
!Operator
hasName.Otherboolean0.8066any0.1093{}0.0539complex0.0113any[]0.0039
(Punctuation
objName.Otherany0.9193{}0.0268Object0.0132string0.0111object0.0057
,Punctuation
 Text.Whitespace
keyName.Otherstring0.8220any0.1686complex0.0044number0.0024{}0.0007
)Punctuation
)Punctuation
 Text.Whitespace
{Punctuation
 Text.Whitespace
continueKeyword
;Punctuation
 Text.Whitespace
}Punctuation
 Text.Whitespace
// eslint-disable-line no-restricted-syntax, no-continueComment.Single
\n        Text.Whitespace
ifKeyword
 Text.Whitespace
(Punctuation
isArrName.Otherboolean0.6426any0.2122string0.1189complex0.0109number0.0058
 Text.Whitespace
&&Operator
 Text.Whitespace
StringName.BuiltinStringConstructor0.9987String0.0008NumberConstructor0.0000string0.0000complex0.0000
(Punctuation
NumberName.BuiltinNumberConstructor0.9965Number0.0007StringConstructor0.0001Console0.0001Math0.0001
(Punctuation
keyName.Otherstring0.7713any0.2041number0.0156complex0.0064boolean0.0004
)Punctuation
)Punctuation
 Text.Whitespace
===Operator
 Text.Whitespace
keyName.Otherstring0.8241any0.1489number0.0230complex0.0020boolean0.0008
 Text.Whitespace
&&Operator
 Text.Whitespace
keyName.Otherany0.4893string0.3815number0.1227complex0.0039boolean0.0011
 Text.Whitespace
<Operator
 Text.Whitespace
objName.Otherany0.9516string0.0138any[]0.0113Object0.0055complex0.0038
.Punctuation
lengthName.Othernumber0.5141any0.4831string0.0016complex0.0004void0.0003
)Punctuation
 Text.Whitespace
{Punctuation
 Text.Whitespace
continueKeyword
;Punctuation
 Text.Whitespace
}Punctuation
 Text.Whitespace
// eslint-disable-line no-restricted-syntax, no-continueComment.Single
\n        Text.Whitespace
ifKeyword
 Text.Whitespace
(Punctuation
hasShammedSymbolsName.Otherany0.5267boolean0.3158string0.1253number0.0120complex0.0061
 Text.Whitespace
&&Operator
 Text.Whitespace
symMapName.Otherany0.8080complex0.0813{}0.0648any[]0.0109boolean0.0052
[Punctuation
'$'Literal.String.Single
 Text.Whitespace
+Operator
 Text.Whitespace
keyName.Otherstring0.7370any0.2183number0.0351complex0.0076{}0.0003
]Punctuation
 Text.Whitespace
instanceofOperator.Word
 Text.Whitespace
SymbolName.Builtinany0.6354SymbolConstructor0.2968symbol0.0150{}0.0070complex0.0070
)Punctuation
 Text.Whitespace
{Punctuation
\n            Text.Whitespace
// this is to prevent shammed Symbols, which are stored as strings, from being included in the string key sectionComment.Single
\n            Text.Whitespace
continueKeyword
;Punctuation
 Text.Whitespace
// eslint-disable-line no-restricted-syntax, no-continueComment.Single
\n        Text.Whitespace
}Punctuation
 Text.Whitespace
elseKeyword
 Text.Whitespace
ifKeyword
 Text.Whitespace
(Punctuation
$testName.Other
.Punctuation
callName.Otherany0.9757complex0.0075number0.0023T0.0020string0.0018
(Punctuation
/[^\w$]/Literal.String.Regex
,Punctuation
 Text.Whitespace
keyName.Otherstring0.6903any0.2865complex0.0156number0.0033any[]0.0013
)Punctuation
)Punctuation
 Text.Whitespace
{Punctuation
\n            Text.Whitespace
xsName.Otherany[]0.6874string[]0.0934number[]0.0844any0.0340complex0.0108
.Punctuation
pushName.Othernumber0.9879any0.0084boolean0.0011string0.0007void0.0007
(Punctuation
inspectName.Otherany0.6703complex0.1746string0.1462void0.0021boolean0.0017
(Punctuation
keyName.Otherstring0.6962any0.2795complex0.0160number0.0053{}0.0005
,Punctuation
 Text.Whitespace
objName.Otherany0.9111{}0.0213Object0.0189complex0.0134string0.0077
)Punctuation
 Text.Whitespace
+Operator
 Text.Whitespace
': 'Literal.String.Single
 Text.Whitespace
+Operator
 Text.Whitespace
inspectName.Otherany0.5831complex0.2126string0.1898void0.0024{}0.0021
(Punctuation
objName.Otherany0.8892{}0.0593complex0.0202Object0.0120object0.0025
[Punctuation
keyName.Otherstring0.8983any0.0851complex0.0100number0.0044{}0.0004
]Punctuation
,Punctuation
 Text.Whitespace
objName.Otherany0.8705{}0.0347string0.0266Object0.0154object0.0087
)Punctuation
)Punctuation
;Punctuation
\n        Text.Whitespace
}Punctuation
 Text.Whitespace
elseKeyword
 Text.Whitespace
{Punctuation
\n            Text.Whitespace
xsName.Otherany[]0.5826string[]0.2119any0.0611number[]0.0553complex0.0248
.Punctuation
pushName.Othernumber0.9847any0.0110boolean0.0011string0.0010complex0.0008
(Punctuation
keyName.Otherstring0.5284any0.4571number0.0066complex0.0065{}0.0003
 Text.Whitespace
+Operator
 Text.Whitespace
': 'Literal.String.Single
 Text.Whitespace
+Operator
 Text.Whitespace
inspectName.Otherany0.6706string0.1760complex0.1410void0.0027boolean0.0016
(Punctuation
objName.Otherany0.9184{}0.0396complex0.0142Object0.0092object0.0023
[Punctuation
keyName.Otherstring0.8942any0.0928complex0.0066number0.0041{}0.0004
]Punctuation
,Punctuation
 Text.Whitespace
objName.Otherany0.9215{}0.0245Object0.0128string0.0115complex0.0043
)Punctuation
)Punctuation
;Punctuation
\n        Text.Whitespace
}Punctuation
\n    Text.Whitespace
}Punctuation
\n    Text.Whitespace
ifKeyword
 Text.Whitespace
(Punctuation
typeofOperator.Word
 Text.Whitespace
gOPSName.Otherany0.7328complex0.1417string0.0364boolean0.0341{}0.0183
 Text.Whitespace
===Operator
 Text.Whitespace
'function'Literal.String.Single
)Punctuation
 Text.Whitespace
{Punctuation
\n        Text.Whitespace
forKeyword
 Text.Whitespace
(Punctuation
varKeyword.Declaration
 Text.Whitespace
jName.Othernumber0.9930any0.0060string0.0005complex0.0002boolean0.0001
 Text.Whitespace
=Operator
 Text.Whitespace
0Literal.Number.Float
;Punctuation
 Text.Whitespace
jName.Othernumber0.9814any0.0172string0.0006void0.0003boolean0.0002
 Text.Whitespace
<Operator
 Text.Whitespace
symsName.Otherany0.4459string[]0.2677any[]0.1673string0.0442number[]0.0231
.Punctuation
lengthName.Othernumber0.8805any0.1176string0.0010complex0.0003boolean0.0002
;Punctuation
 Text.Whitespace
jName.Othernumber0.9861any0.0127string0.0007boolean0.0002void0.0001
++Operator
)Punctuation
 Text.Whitespace
{Punctuation
\n            Text.Whitespace
ifKeyword
 Text.Whitespace
(Punctuation
isEnumerableName.Otherany0.8718boolean0.0527string0.0235any[]0.0172number0.0121
.Punctuation
callName.Otherany0.9830number0.0051string0.0036complex0.0029void0.0010
(Punctuation
objName.Otherany0.9382string0.0159{}0.0099Object0.0067number0.0063
,Punctuation
 Text.Whitespace
symsName.Otherstring[]0.3855any0.2378any[]0.1997complex0.0567string0.0510
[Punctuation
jName.Othernumber0.9488any0.0366string0.0126complex0.0007boolean0.0004
]Punctuation
)Punctuation
)Punctuation
 Text.Whitespace
{Punctuation
\n                Text.Whitespace
xsName.Otherany[]0.4491string[]0.3775number[]0.0737any0.0426complex0.0105
.Punctuation
pushName.Othernumber0.9851any0.0117string0.0009boolean0.0006void0.0006
(Punctuation
'['Literal.String.Single
 Text.Whitespace
+Operator
 Text.Whitespace
inspectName.Otherany0.5857string0.2179complex0.1886boolean0.0016number0.0015
(Punctuation
symsName.Otherany0.5539string[]0.1804any[]0.1038complex0.0531string0.0427
[Punctuation
jName.Othernumber0.9617any0.0285string0.0088complex0.0003boolean0.0002
]Punctuation
)Punctuation
 Text.Whitespace
+Operator
 Text.Whitespace
']: 'Literal.String.Single
 Text.Whitespace
+Operator
 Text.Whitespace
inspectName.Otherany0.4763complex0.3012string0.2060boolean0.0029void0.0023
(Punctuation
objName.Otherany0.8933{}0.0568complex0.0138any[]0.0078Object0.0064
[Punctuation
symsName.Otherstring[]0.3836any0.2336any[]0.1486string0.0651complex0.0481
[Punctuation
jName.Othernumber0.9371any0.0387string0.0217complex0.0006void0.0004
]Punctuation
]Punctuation
,Punctuation
 Text.Whitespace
objName.Otherany0.9010{}0.0258string0.0218number0.0106Object0.0095
)Punctuation
)Punctuation
;Punctuation
\n            Text.Whitespace
}Punctuation
\n        Text.Whitespace
}Punctuation
\n    Text.Whitespace
}Punctuation
\n    Text.Whitespace
returnKeyword
 Text.Whitespace
xsName.Otherany[]0.2779any0.2027number[]0.1130string[]0.0696string0.0672
;Punctuation
\nText.Whitespace
}Punctuation
\nText.Whitespace
